-Alina
-Mai-
19maria9
420420
Aabenhuus
AhTreyYou
AJMkarate717
Alara_usagi
AndyWorck
Angel11xPR
AsahiMikazuki
Asian48
behindthename
BlaqPanda
caesarxd
Carmelita77
Chellle
Cissnei
Classico
Clubs
Crysdesu
DarkCrystal
DizShawtyMustB17
DragonSlayer7
Erojohn
espresso
Hatakedude
hazama
howardjohnsons12
Jspider
K-e-n-s-h-i-n
Kanra69
kiri__24
Kiyouki
KravenErgeist
kremlin-dawn
Kusanagi-San
Lambo123e
Lemir
Levayon
lightphoenix2
LilaJean247
Luchixa
margelatu8
Masami-Chan
mkd78
mnmanmeet
moegiharuno
Momolove
Narutard
neko_of_hope_92
nepoata_2006
Nya-chan
Nyrana
OhaLucky
oo7565
oxanabanana
patry16dbz
pikel-kun
Primox
Princess-Sakura
Raa--chwan
RebeccaBoo90
RedEyesMetal
Riss
ryuka_08
seabass6978
shadow101090
ShikaMaru_Hunter
Shonen-trash
Shrimplette
Shuidee
skittyz321
Slut
spygliukas
Su14
Sweety-chan
takuya1
TheFlyHuntress
trinitytiger
ulgaming
williec2005
Zombie_Takashi
