2neiKUNKAv
Aki
anime_tops
APBeezle
Basketbakagami
boddl
Chellle
Chiharu
coryll
Crydasia
De-JaY
eleasofia
Farethy
Fineex
GandiPF
GBAHaki
halfpastnein
HentaiOuji-sama
Inzane
Izaberra
juu
konou_ken
Kruemi
Lary
Ldraziel
Miomietz
niwasatou
Norwyn
Nucksen
Phayt
Purzelstolz
Rifle
rivia07
Ruukia
Sakaiyu
Shirokuza
ShySorrow
Silent89
Szope
Windschirmchen
Yu
_bla_
