Amnesis
Animeangel250
Blue-Eagle
ChapsTheDuder
Chellle
Conzo
DestinyFate
Dr_Jan_Itor
exepher
gabberstag
Gayasiankitten
Kallista
Marth_
MedliSage
MsCrazyanimegirl
Orandakaiu
Peeping_Tom
TheVoynichCodex
Tiffa-Chan
tukuyomi
tylene101
Zealotus
