12lover
420420
adopsydelic
Aeon
Aerineth
Aiko
Aima
aJ5535
Akatsuki_itachi
Andrea_179xD
androidodnetnin
Aneduune
Angel11xPR
AngelAoi
Angelkat
AnimeCrush
animegirl321
Ani_ME
Ansa
Ansem
Ara_Lie
argon30
Atomico
axkxl
banglaCM
Beko241
Bevral
BlackAlphonse13
bloody
bokuchan
Cafer
Chellle
Chued
cieldesfleures
Clubs
cooldude75ph
