Georgiet
Icy_
Killuan
MihawkPT
realanimefan
Ruim
Td99
Zdriga
