-SeRg-
-Venus-
ahzian
aidouca
alittlebit
ANBU-
aoisenshi9
apparatusSICK
aradeguzman676
arielifeoma
AXCHKO
axia56565656
Ayanokoji_Yuki
bakaeru
bLaCk0buTTeRFly
Black_wind
Blue-Eagle
BlueHaro
CaRjAm
channieang
Chellle
Chen-tan
chibisasuke03
chichubaby
Colorfusion
CookieMonster87
cupcakegurl
cutiep809
Daata6
DBSGfangirl
deathlife123
Dr_Jan_Itor
erza-t-scarlet
ethiel
fielice
FushigiTenshi
Georgiet
greg_cho
Greyce76
haru_sunye
Helias
Hildegard
IamJusticeL
icecreeaamm
iChibi
IchigoXkisses
inspirae
jollyroger221b
Kari805
KasaraEm13
kassy94
kawaii-mio
kb2010
kira_sakura
kisecchis
kjb629
konamari
KuyaF
Labouma
liezhie
Littlesakura
lolit321
lovepaopufruit
lovesign
meimei88
miaka15
MiniDee
missutaprifreak
Miss_Hawk
mistressofchain
Muraki33
murasakisora
Mysa-Mysa
nearauel
neko2636
OsabyO
otakumuch
Panna_S
Puja
redgurl719
rpgdiva
sarah_ss501
ShoujoCrisis
shyLey
Simpleandclean93
sorai
StarJi
stellarheart
tabiglows
Taitan
TakuTaku
Teemu
timoteuszka
Tsubaki_Rose
tsubasa-lover
uchihasasuke1995
Uniccorn
Unsightly
v3l3no-ansa
VampireRose
VessaKamio
Wat3rMonk3y
WhiteXxStarz
Wing258
x0ink0inkx
xandria90
xKeilax14
xxVampireAngelxx
