Akitsuki
AlienGamer
Bankai0010
Blazing_Hearto
Metal_Ganado
ryoko88
Wolfnagi
