nightwolf722
ParaxSystemz
