aaronluis26
animeblader
cheetah4
Chellle
lovely_dreamer
lovley_cowgirl
Replay
rose_of_life
The_Deity_Of_Sin
XCookieJarX
Zero_Alastor
