-AnimeAngel-
-Av4loN-
-brokenFairy-
-Colorz-
-Ereya-
-KARASU-
-Lillium-
-rosycrystals-
-Spada-
-Venus-
-Yato-
-_Jammy_-
19leon95
2013144
4b1
4NONYM0U5
acornbutt
Addison
AdeSecsse
aeonflux
Aiko_16
Aireena
Airitoizzy
aiwanani
akakuwings
AkatsukiUlquiora
Akemi_Riverdepp
Akicch
akira1878
Akitsuki
Akselerator
Alara_usagi
alejmc
Alexius
AlexTheDark
alstrein_mizuka
Alturiablue
Ame-Yume
amethystia
amukid08
An1me0taku
AnanasGurke
anatoli90
andapandas
AngelRaf
AngelRin
Angus
animangafreak_ZX
anime-luv336
animeaddicted
AnimeArtist
animeblader
animegeek4life
AnimeGirlLover
Animeluverz125
Anku
annsky
Anonn
AnOoOd
AnotherBrick
another_railgun
AoiHoshi
aoisenshi9
apple-charlotte
aquamista
Arata
ariesa
Artemis404
Arthur_Ryu
Asahi88
Aschen
asianlilyflower
Atombone
Aurao
avluis
Aya-tan
Ayumi674
Ayumi_Tsukada
Ayumu5599
BakaUsagi
Baka_Onigiri
banished4eva
Bankai0010
beatingheartx
Beezheen
Bezi
blacktiger016
BlasianAngel
bleach1
BlueRazz
boys123
brokenrose
broly294
byuntaemishi
Cabezawevo
Cafer
Cagla
calcifer_demon
candyjar1991
CandyKissesx3
CansuNevermind
Cello
Cfos
cha-chan
Chachamaru
chaechun
chainshipper
Chandnii
Chellle
Chesca
Chey___
chidorisasame
chie_oink
chie_shou13
ChimamireNoKage
chi_chan
chlloue
Cissnei
clear1140
clovernote
comicchick678
coysea
crimsonpulse
crystal_yuy
cutiep809
Cyz
Dagny
dame_roland27
danielamaghini
Dany-
darkdragon
Darkgreen12
darkgria
DarkMett
DarkRecca
dark_seducer
ddlazebb
Death-kun
death24
deathiwillgiveu
DeathTheKid89
deletetetete
Denkoha
Der__Todes__Gott
destroyerjunk
DetectiveRukia08
deuchi
DeviantMugen
Dewllahan
dgirl1997
dianne-chan
digital_blitz
dinosotaku1
Dodecahedron-O24
donders
draket3
DreamSeer
DreamStar
dreamy_girl
Dz0Rdan991
Eddsworldtour
EdoRen
Eione
Eko_bundlE
elena_san
elfen13
Ellionora
elsey951
emily_zeek
eminagirl
Emishima
Emo_Boy_101
eMTee-niss
enixela
Enresshou
en_____
Eruke-chan
Erymanthos
espresso
EtnaEraclea
Ever_ness
Evilincarnate
Evil_Mastermind
Exwires
faceless-code
Feelyournoize
fia_iris
firespike15
Fishcaek-Chan
Flirting-Cookie
Foms
Foxxy20
Frey-chan
Fugax
FujiwaraKurosaki
Fuurude
Galleana
garasunokutsu
GeminiRei
GenieGin13
genkaku
Ghastly_kiddy
Ghostfriendly
Giriene
GoldenMist
GoneAway
gotdude92
GradientInfinity
Grayghostreborn
greenmush
Grell-Sutcliff
HakuNoKaemi
hannaverra
Hanyuu-pyon
haou_airen
harold
haruka-nanababe
haru_sama
has7on
hazim1
HeartPaperx
Hehmo
Hiina
hikari-chan
HikariKei08
Hikaru_Chan
Hisami_Misha
Hisano
hitsuki_kun
HokoHell
Hool
horrorrammen
Horuken
houmei
HRisa
Hrist
Human_BoyA
Hunny-Sempai
hunnybunny-chan
iAkumuXD
icassej
ichirinnohana
iiMNOTOKAY
ikuto
ilovesai
iluvlelouch
Inelgerdis
Inka
InOrion
InvisibleMelody
ironicegg
Ishi-chan
ishida_natsuki
ItachiShinigami
itssimplyme
IxpelliaMiestiey
Izachin
IZUMI64
IzzyPuff
JadyYuki
Jakarayi
jaye-m
jehutypau
Jelly_Spaghetti
Jigoku_Enma_Ai
JinxedFox
jocydancer
JoeyJudgement
JohnAmante
Johnlocked
jolec
JP_rNr
Juliet999
JunoInferna
justafive
ka-ki
kahoko23hino
KalenDRB
Kallenlover3970
Kamiidere
KamioMisuzu
Kanou89
Kanra69
KanxHaru-chan
kar95ol
karuhigamiDURV
KasaraEm13
katedadevil
Katekutaku-chan
KatekyoGirl7
Katreena
katsuhiri27
kawaii-mio
KawaiiCutie
Kawwwa
Kenet
keoqwer
Kidari
kirari-chan12
Kirielle
kirzel034
Ki_Lin_7
kner
KokoroSawada
Komika
Kottie
kouki247
Krombopulos
krustal-chan
Kruxia
kumoku
KupkakeStealer
Kuro-Neko-Chan
KuroPanda
kyneval
Kyon974
LacusClyne_Sama
LadyEclair
LadyTalion
Lady_Death_Cat
Laine-Crys
LaraWalker
Laulaly
leeismyking3
LeeNoriega
leiiya
lelouch_mm
LenDrizzle
leti_
Leua
LG92
liechtenstein
LifesHeart
Liinah
Liliah
Lilina
lil_tiger
Linaewen
Lofoc
Lontrain
Loomir
Lost-and-Scared
louise
LoVe_CheMiCal
luchiastar
Luchio
LuciferzRage
Luka-tan
Lulexiaa
Luxus
MajaChii
makube-x
Malon16
mambobreaker
Manaril
Maneki-neko
mangafreakZX
mangafreak_ZX07
marble-s
Mariejoanna
markella
MaroonedRainbow
MartinLi
Maruku1012
Masza
MaximumRider
Mayora-Hime
mEan_nEko
Meau94
mechanekodon-
meecuh
Meernebel
megalixir
megamalog
megana
Meggie-chan
MeitDeist
melt-chan
merry_berry94
MeruChan
mfdoid
miaka15
michiko
MidnightBlackCat
MidnightSky
Miguel_Belacqua
mikanxsakura
Mikii
Mikitea
milkteq
Mimiko
mimss
misa3kira
misguidedghost
MissColzyChan
Miss_PFD
misterT
Mithrillion
Mitsuki15
MiuMiu_Alice
Mi_Feng
MooNRis3
Moon_Girl
Mugen_tr
mxn021
myuu15
Nae
NagaIzanagi
narea
narich
nariko
naruto-Chan
narvinye
NatiChan
natsumi-chan
NatsuMitsuru
Nayuki909
nearauel
NekoDee
nessa-mi
Nick-Knight
nicnic257
nicolette19
Nightelada
Nightflower
Nigiyakana
Nikov
Nina_Chan
NioSeiichi
no-idea
non-chan
NoONoO
Nored
Noviomagus
nubcopycat
Nuiriru
nyahahadesu-chan
Nyctix
nyna_new
ohmiharu
OmgItsFelli
Onassis
OrangePal
Origa-san
otakulorichan
OtakuWolf77
Oyakatasama4ever
oyechi
p31nTSK
Paagh
PackOfLies
patry16dbz
Pegas
PhanTomDarKer
PhysiquedParrot
Pichigaru
Pika876
pinky_innocent
Pink_Pudding
Plama_chan
PockyLoveLove
powerscody
prachofqa
prettynpink194
princessnight
Prudenzzz
punktina16
pupsia
Purple
rainbow_heart
RapToR
RavenlySadist
rave_ash
rawrandom
RebeccaBoo90
Red_Butterfly
Reenkehl
Rei-Helen
rei2836
reinadeldisfraz
reira
ReleasedNinja
Revantain
revenant20
Rhyleah
Rie
Rinjii
Risa-tan
Riss
RocketMan131
RoflLolly
rosycrystals
RulenneClarissa
Rwka
RYnky-san
Ryoko-chan
Ryunosukee
Ryuuki6
Ryu_3
S-leepyAsh
S-Sama
sahilj
saiyerslayer
SakasamaRainbow
Sakupanjuhime
Sakura-Hinamori
SakuraMamiya
SakuraTsukiyomi
Saku_Chan
Samikuchan
Sammychan
samuraibunny
SarahMagic
sasohina
Sassycat
Sayuki74
Scrtbook
SeeU
Seireso
Seizure
Senakyr
Senoj8
SeptembersLeaf
serefine
Seven
Seyfert
Shabon
Shadowless-Ever
ShadowofDarkness
ShanaFlame
Sharorara
SherryAi
Shibunari
Shin-Shitsuji
ShiroYuki1
Shiroyuki30
ShizukaRin
shonen-kun
Shonen-trash
ShoujoCrisis
Shourin
shyLey
Sibby
sicklyincubus
SickMuse
Sillya
silver-raindrop
Sintara
Sivelin_Yu
skmDoll
skycaptainmarie
SnakeValentine
Snoozy-chan
SnowLife
SooChuuwy
Spear
Spirited_Away
spirit_chan
spygliukas
Squirrelpaw4970
sratytaty
Starmanseth
stellarkeys
Sukirima
Supaafly
Suspusningi
switter
Syomei_Yoko
Tailee
Taishi-sama
TakuTaku
takuya1
Talbott_Brad
tasha
tata_sonne
Tentei
Teri-chan
Teru09
thali027
theangel_adam
theatricals
TheBeautyKiller
TheFukoMaster
TheJis
TheLazySpartan
theminimalist
the_bloody_rose
Thunderknight
Tii
timoteuszka
TommasoDS
Toshi-chan
ToxxicDreamer
Trixcy
trixsHi_18
tsubasafan
TsubasaKnight
tsubasalover
Tsukiyomi_Utau
Tsuki_89
tsunjun
tykitease
Tytano
UberKitty
Urufuzu_rein
Utsuru
Uvii_Bel
VampireCross
VampireMokaSan
van4yta
vanilla-desu
veekee
Velveterrace
veraa22
Vespertine_
Veto4ka
Vicomtesse
Vildar
Vivene
Vorona
werewolfme2
white_alyss
WickedHeroine
WindBreaker
windeen-windy
Winty-chan
Wolflover777
Wolfnagi
Xarieel
xblackxcreedx
Xiao97
xKittyKyoLUVERx
xShinnax
Xx-rei-xX
xXNamineXx
xXSARUTOSUKEXx
XxToxicRainbowxX
xxVampireAngelxx
x_DinosaurAnna_x
Yagami-Light
Yami-chii
Yanato
Yavimaya
Yeeti
Yemi_Hikari
Yomi-
yondaimefan05
Yoru_nyaa
Yui1212
yukio-chan
YukuZetsuji
Yumei_Noir
Zelman
Zephiroth-Strife
zerochances
zerocode
Zheng1991
zi_exe
Zloan
Zozolka
_Saphira
_suddenfeelings_
