64powered
alice-chan12
bai-
baxter09
Blackrose205
Catleia
Chotgoriin
dark_seducer
DeuxNyx
ender95
Fallen_Saint
Gibz0matic
GonzoArmstrong
Hells_Rose
Hoshi_Ryu
jaaaynicole
Jdfskitz
Kagami_Egao
kaosblack21
Kyo-
lilmoonlyte
lord_soul
LuckyGirl17
marshalloo
Neko-Chi
ny4n
RedHinata
SennaStrife
Shadow543
Shingi_Tomodachi
SJounouchi
Sozu
Syrai
TaizenKyo
TakuTaku
Tamoball
x_Brandon_x
