-Elly--chwan
-Envy-
Aetheory
aizuki
ajin12
AkaiKiri
AlexandriaCarney
AlexWalker
AngelRin
Animegirl102
anriolytic
arielleconan
Aritan
asckj1
Athalon-Zero
Atsu-Chan
AznSnow17
Bando
Beta199
bluepenguins
BookmanJunior112
BunnyCloud
Celilia
ChaoticZero
Chellle
Chibitan
ClassyPufferfish
Clyne_sama
colorwander
cooldrake
CraftedWonder
cutiep809
Deactivated
deleted1122
DeletedAccount43
dissidiagurl
Dont_cry_now
EclipseTea
emilykaldwin
Endless_
EvianBubble
Firce
FizzCrank
Flirting-Cookie
FluffyPaws
Foxsynyu
Fryth
Fu-Panda
fullmoon21
fururin
FuyuChan1111
gabii
GoldenStar
guga
Harumizuky
Hatsuyuki
hencsii10
Hero_
Hinata-xx
HinoKahoko
hisaki13
Hyalos
Icis
IheartAnime77
imasealion
Issaia
Itsuchan
janree
JessCiN
Jets
Jicetus
Jinbou
Johnlocked
JohnLopez
Kagome
katlee8225
Katlina
katzutora
kawaii-mio
kawaiisenshi
Kazumi-
kballetbeauty
KoyoNEET
Kumoshi
Kuroshiino
Kuroyu
kux
LeShiro
LoveBerries96
Maayan240
maria_rochefort
Masami_eiji
mayorie
MeiHyuk_Nana
Mementos
MilkyYoo
Minagi-chan
Minene-sama
misuzu_air
MiyatouSeishirou
Miya_
MoonXArtemis
Morbyllan
mystic_myth
Natsucchi
NekoNekoNekoChan
NightmareRWolf
Nimesya
NosferatuLugesya
olvidar
patry16dbz
pavli4ka8
peinisimo
pinkdreams96
Poly25
PumpkinSmiley
Qualm
rampster27
Rao
reiicchi
reiu
Respect
rika713
Rwka
Sacramental
Sadame-tan
sadiqyv
SaiyuDesu
sakur12a
Samikuchan
Savino
Saya_Suzuki
seany94
Seferbaz
SEG_Tama
Shay_Sama
Shiro-tan
shuu_u
Sibby
Sikozu
Silsco
simxo
sleepy_butterfly
Smaster
SnipeYaFace
someonelost_
Ssnipy
stardew
Stark700
SummerIchigo
Sunsa-Chan
Super-belleza
Teru09
Tilly-Frilly
Tremia
TrOjAnHoRsE
TsuchiGumi_Yuu
Unrated_Toxicity
vvicked
Wadefan1
walid002
watervvitch
xbaka
xXRyuuko-himeXx
Yorozuya-no-Yume
Yoshizawa_nanaho
Yosuzume
yui_iwisawa
Yuki_Yume
YumeBaah
Zozolka
zuriiin
_Ayase
_sugar
