-Acm-
-amu-
-BlueRose-
-Elly--chwan
-Envy-
-Ereya-
-everglow-
-Karoshi-
-kaze-
-Luthien-
-MgZ_
-michira-
-Mio-
-sahchan
-Snowman-
-sun-with-gun-
-Wrath-
14394
1CLOUDSTRIFE
1onqu
2LazyToCare
3maNAngeL
4l3ks
4vesperia
6iz
7mid
a--iko
Abeltrx
ABHISHEKV
adikakosaanime
adiktbg
Aeloquence
AeonEsperKyo
Aerophia
aeropop
Aesther
Aetheory
Aezile
AgentsZer0
Agniratha
AiJunZ
Aioi
Aiosamii
Air-Dragon
AiriChi
aisusenpai
aizuki
ajin12
Akaganohiro
AkaiKiri
AkatsukiUlquiora
Akemin_
Aki13579
akirakuro7
Akira_Renji
AkuDaiki
Akuto
AlanWake28
AlbrightNex
albuurrt
Aldarania
Alex-1029
alexlee
Alfyan
Alianna
alice-chan12
Alice_Arisu
allice-chan
Aloi
Alokoneses
alruqeishy
AlsoKnowAs
Alter-chan
Alvster
Always-Hungry
alxdtnk
alyssastewart
AlyssYasuda
alyzzanyan
Am-In
amadilo
Amenophyckxs
Amistrated
Amoel
AnaChanLagamine
anatanooreo
Anchovydee
Anderial
Andranik
Andruha
AndyAndain
Andyis
anelka19
AngelAngela
AngelicXI
AngelRin
Angel_Devil
AngryWaffles
Aniikan
animedude45
AnimeeLoverr
AnimeFan500
Animefreak17a
AnimeGal2891
Animegirl102
animegoddess15
animegrrrl
Animeking96
AnimeKnight
animelly
animeno
animeruler1
animesthabomb
AnimeThief
Anime_Otakumasen
Aniratac
Aniulka1126
AnnoyingTiger88
anz1996
Anzon
An_A
AoiMizune-kun
Aono-kun
aonuma
April-Ame
Arakura
arania
ArchAngelx240
ArchRod
Ariana316
arielleconan
Asakurabaka
asamiyaakira
Asenil
Ashiro-kun
Asianboy30354
asianxweirdo
AsiaRespect
Astalotte
Athalon-Zero
Atsu-Chan
AudacityOfMe
Audiof3ar
Awsumchari
Ayashigena
ayumiayuzawa
azn-tsume
AzumiOctania25
Azurar
babymilo91
bakahiki
BakaKaito
bakashimizu
Bando
baseball3b
BattousaiLuffy
BeautySocks
belxfran-tsu
Beowulf-
BerzerkCommando
Besuro
BeyondNero
bfiggs
bigdo
BillyGGruff
bizzibee100
BlackEnigma
blackheaded
BlackLicorice
BlackPoet
Blackrose205
blacksama
BlackstarTheKid
BladeRunnerHF
BladesOfTime
Blaze862
Blazeboy
BlazeGaia
BloOdQuEen
blopa07
BlueanimeXXI
BlueVenom
Blue_Loneliness
bonauditeur
bonniewlo
brettbstock
Bro-K201
BunnyCloud
byle
Camarel
CarinaVella
carlosarturo
Carryssa
CatchYouLater
Celilia
Cerserus
chaanxxxx
ChadNegro
chai_choi
Chaosutopia
Chaos_sorcerer
chibikurosaki
ChinaGirl
chirale
chiwa_wa
Chiyo-sama
Chiyoko_Haruko
Chi_exe
Chocola7e_G1rl
Chrystofax
claudiofc11
claudyzu
cloud2313
clow_card
Clyne_sama
ConfirmPassword
CorporalRiku09
cowgirlbebop
CrashRHCP
Cray
CrazyNinja95
crazyvampiregirl
Crazy_Cofee_Cat
creepyblackrose
CreepyCrepe
cthuko
cutelykamanalo
CyberSpeek
dadotarugo
daegu
DaishobuRiiiN
DaisukiAishiteru
Dai_to
Daliane
Damo-Net
Dance_In_Clouds
daniyan
Darkiee
DarkLighter
DarkLisenok
DarKLorDHD
DarkLP
darkquach
Darkvoid
Darkwolf1
dasil
deactivated13041
Deadcooler
deaddeanders
deadlinkz
DeadlyEmbrace
deathbyglitter
DeathWish249
deea9595
dekoo
demisex
DemmieHeartfilia
DensuNoBaka
Deperil
DesiHeart
Desvelao
Diarmuid-Kun
Dibbadri
diegoichini
Dieniffer_Elric
Digikawaii
Disguised_Kohai
dissidiagurl
DistantTraces
Dizzie
Doncamatic
Dont_cry_now
DoomedLight
DORAGONFLY
Doriando_
Drag0nSlayer
Dragetsu
DragonBlue77
DRaKoSuLe
dreaq_de_manu
dreity
dropdeadalleycat
DulcieEvans
Duplicate
DXJIN
eatsleeprave
echiomega
Ecstrinsic
EddiElric
edinaa
EdwinTheSlayer
Elapid
Elevated
elextra
ellora
eminaran
Emmielea
Emperor_Shitlord
Enrinvin
EricwithaD-san
Ero-Genin
Esura
EtherealWhisper
euint
Eva1das
evalsposim
evelyness
EvianBubble
evilcyber
Evil_Mastermind
eXecuti0ner45
exochiki01
Faded_Illusion
Falho505
Fangclaw
fantastique
faranzylve
Feadirn
fezakyuu
Fia
Figma
Fiji
firefly125
Flan-chan
FlappyBearfish
Flirting-Cookie
Flownightz
fma99
FoLieADeUx
FoxiRoxy
Foxxy20
FreakyMellody
Freqn
frikini-yasha
Frost_Kiss
Fryth
Fu-Panda
Fukitsu
Fullbuster1597
funkotaku
FunnyGames
fururin
FuyuChan1111
gaarka27
GabiihAnarchy
gabiistt
Gaichi
Gal3riel
Ganbat
gaudylakin
Gazelle-o
GazeRocket
GBeCandy
genesis350
GeniusOrLavops
GetFuzzyWithMe
getindabotshinji
GFBunnyHop
GFotaku
GGSunshiners
Gia-chii
Gibz0matic
Ginjiro
gino_san
godman823
Godou
Gotta
Gowse
GrassFarmer
GuffyTheWeird
gumplug
gurenmx
gust11
Haeun
HanaDattebayo
HandSonicvI
HappyFishsticks
HappyVader
Harontiar
Harpflank
hasborn
Hasechii
hauntingyou
Hawksman
Hayato-kun-chan
hbghnm
HeartnetXNeko
Hebihime-sama
Heliantheae
Hellbender87
hellhound113
hencsii10
Hero_
hibaricloud
Hikari_Nyan
Hime-sama
Himeko143
Hinata-xx
Hirosyo
hisaki13
HissoriWashi
Histriophoca
hitagi724
Hiyoris
hoboJACK
Hollowdawn
hollow_head1
Honome
Hrand0mr00t
HunterLeon
Hyalos
hydrangea_
hypershadow
iAkumuXD
iceDleaf
icemoisture
Ichimisu
Icis
Icy-pyon
idk3465
IdleSheep
IheartAnime77
IHEARTU2MUCH
iKuroNeko
ILoveMangaAnime
ilovesebby7
ILuvAnime101999
infactuation21
iNitoken
InoueAsuka
Insaner
Insanity_Geo
inutorix
inzaratha
Iris-Sama
irzie
Issaia
Itami
Itsuchan
iTsukiko
IWontLetGo
IxpelliaMiestiey
Iyo-chan
IzayaOrihara2012
Ja-Crispy
jacquibunni
Jacruz
JadedIceStorm
JaeBeanie
Jak3
Jakerams
JamMasterJAnime
janime201
janree
Jaspril
Javera
Javi-Hime
Jeav
JellyFish72
Jesica3356
Jess-chan
JessCiN
Jets
Jewel-chan
Jibs
Jicetus
Jimz
Jinbou
Jishimorin-ku
Jitssy
jjrocks24
Joelson
JohnDon99
Johnlocked
jolee
Jonieye
Joobie
joyszika
Jsnoob
JuurinKensei
JuusanKitsune
Jyuki
jyuuinnim
K4IZER
Kagu-nee
Kagu89
Kahoru
kakuri41
KaneshiroIke
Kannelkieli
KanonKotori
KanxHaru-chan
kaptainkrios
Karupin
KasuraGirl
KatakuriMojo
KatieMH
katoudan
Katsu_Dritzing
katzutora
kawaii-mio
kawaiinekolover
kawaiisenshi
KawaiiWeeaboo
Kazumi-
kballetbeauty
Kei34
keiina
Keksikon
KellyMoons
kenzhou4
Kenzow
kiddeath01
kihyun
kiirochi
killerant0
kimmichelle7
Kinmitsubachi
Kiorika
Kirety
Kiriyah
Kirosanchi
Kitix
kitsune77
Kitsunegari_88
Kitsune_Sunrise
kittycopper
KittyFaces
Kiur
kivvi-san
Knightwalker08
Knobay
koleare
komic
Komikcik
Kompa_Whooves
kornay
kouvans
Kratohs
kratos_aurion
kuchikiL
kuity
Kumanemuidesu
Kumorin
Kumoshi
Kurikara_
Kurinshiku
KuroiLasx
kuroneko-chii
kuropinku-aya
Kuroshiino
Kuroyu
Kuroyuki_Ayumu
kuur0
Kyo-
Kyon974
kyuren
KyuuAL
Lafter
lali-chan
Laura-sama
legolasdf
Lelouch1994
Lenalee666
Leruki
LethargicShinobi
Levy-chaan
life4death
LightDaisy
Lightning-kun
LightningFist
Lilyanna
Linettescomputer
linux19
lisanna8989
lisen
Lisette98
littlelambnanami
livingdeadkat
LoatheHF
LOL852
lolifreak000f
lollyyo3
lolshiro
Lomtad
Lorinka
loserboi
LoveLessPain
Loxal
lShiro
LuffyTheStrawHat
LukiKun
Lululumon
Luna-chii
Lunata
LunyRem
Lurkerkiller
lyncpin
Lynerix
LYN_
Lyyzee
M8T0P3
Macco
machika9797
Macurai
MadanKenshin
MadnessKreep
MadokaAkimoto
MagicKat
Mai_ka
makitokun
Makuro
MAND4
mandieve
mangafreakZX
Mango-tan
manicfesto10
Manipuladora
margo
mariloo12
Maro25
MarsLeo
Maru-san
MaryShinigami
marywhistley
MasterLeo
MasterTengkorak
MawaruHime
maxzzm
mayorie
mdsamad
MEanimaniac1
meeplePeepol
Megalucky
Megamas
MeiHyuk_Nana
mejordan1993
Mekags
MellowJello
Menjovi
Mentalii
mepomon
Meritas
Merue
meWhinons
Miaka2
Miharu101
Mihoe
Mikan
MikelAL93
Miku007
MikuMusicMan
MIKUXLEEK
MilkyYoo
Minagi-chan
MinaokiMaiko
MinatoN1345
MinatoNaruto007
Minene-sama
Miraille
mirzaa
Misa-chanx
misaki-_-
Misakichibitanx3
misakikanon
Miso
MissLovegood
MissMystery
MisterAgent
MisterLuffy
mitch3315
Mithzor
MiyatouSeishirou
Miya_
MizoreFan1
Mkal
Mochii-kuuuun
Momoirooooo
MoMoneyMo
Monokoi
Monoton
monty1
Mooncake
MoonXArtemis
Mortifer
mortiferum
mouzaaln
MrKapre
mshitsugaya10
ms_nine
Mushiro
music7car
musicalsushi
MusicSynesthesia
Mystie-
NaiNai
Namonaki-Kishi
Nanii
Nara-Sama
narutoguy987
NatalijaW
NataPhantomhive
Natsucchi
Nayuta
nekoneko-dani
NekoNyaaaaaaa
nelkk
Nelsonma11355
NeoAnkara
Nepsie
nessapyon21
Nevon
Nightflower
NightmareRWolf
niin4
Niiniberry
Nike
NikoruChan19
niks1991911
Nimesya
ninja88880
NLDiscoveries
nokiah
Nonon_Jakuzure
Norv
norvezzo
Noviomagus
no_good_name
NubScrubz
Nukiashi
Num1dad_Asura
Nurarihyon95
Nyan-Chan22
Nyankosan
nyxblack
Oce
OceAnh
Ocean_Sea
ocural
OhanaNiArashi
oishio
okatorou
olvidar
omnomx2
one2the
onepine
Onigiri-san
oreinjji
Origlen
oruchan
Otaku-Aniki
otakulorichan
OtakuMadness
Otaku_General
Ouzihs
overdoze
Ovyda
Oxenia
oyechi
PainlessPassion
Panda-nyan
pandaaa
Panthera_Tigris
paradisiacal
parvanubis
patry16dbz
Pattinn
pavli4ka8
peinisimo
Perciprius
phin0
Physiicx
PicoLoo
Pietru
PinkMoon
PinoyAnimeFreak
PoiiPoii
Princess510
PrincessAhri
PrincessJanine
princessLily
prismheart
privatetuker
pronald
PsychoKitteh
ptitejuju
PumpkinSmiley
Pyochin
PzykoSkillz
Qualm
Quarilis
R3dT1e
Radiene
rafi160
Raian-sama
raian_sama
Railei
rampster27
Randomeru
Randomroot
RandomUser101x
Rao
Rasco
Rasen-No-Hikari
RaspberryRogue
Rayner
RazorSQ
RDW
RebeccaBoo90
RebelRaccoon
red-dragon
Redion
Rednir
Red_Keys
ReenaMisa
Reiche-Ru
ReiHikari
reiicchi
Reimillya
ReinaSatou
Reiti
reiu
Rena-hime
Reunion
Reveoh
Revious
Rezion
Rezurrekt
RhosaMaurene
RiaInMadness
Rifa
Rii-bu
rika713
Rikumoon123
RingStealer
Rinkashikika
ristarz
RitoLala
Robberto
rodzynek7777
romagia
rose93
RoseAngel105
Roxyslife
RoyalAmbient
RulzRaist
RX30
Ryanna
RyoutarouTsuboi
ryuukulove
Saber120
Sachiko10
sadiqyv
Sainelo
SaintWhastername
Saiyokuro
Saki
SakuraEve
saltncheese
Samikuchan
SAMOAK
Samurai-Mist
Sanders_Man772
SandyNewt
Santa-Muerte
SarinaMoonshine
sasohina
Sassycat
Satoko321
Saturjay
Savino
SayaB
SayaWingX
sc0pii0gal
Scarlet113
ScarletL
ScornfulRanger
SeaJaeger
seany94
SeasonedMiso
Sedon
SeibaaHomu
SeitenSoushi
SemeticBoy
SempaiSamurai
SenkaRose
serefine
SeriesDestroyer
Setron510
ShadowSpirit
ShanaFlame
ShanaFlameHaze13
Shangetsu
ShatteredGlasses
shells
shiion_
shinkuu-chan
ShinoAsada
shinryuu1
Shiorii_
shirayo
shirei-desu
shiro1998
Shiro_Xam
Shiura_Aoi
Shizukage
ShoujoSweets
shuu_u
sia79
Sibby
Siesta
Sikozu
SilaChiin
silenthunter93
SilentSnake
Silent_Stridah
simxo
sinceritie
SingerStar
siovannie
skullhong
Sledgedude
Slumbodon
slyffer
Slyr3do0n
SmexyCupCake
SnipeYaFace
snuffless
SokkaMushroom
Solohero20
Solos
sonare
SoranoTsubasa
SoulToxin
souske88
spaintakula
Spartansea
SpessMarine
spiffingcthulhu
spinosa
SpiralxHakari
Spookster-
Squisha
Stark700
Stocking1
StrawberryMage
stunt_crazy
stuvi
stylzx
suganthan
Sugar-
Sukirima
Sukotto-san18
SummerIchigo
SunnyDeath
Sunsa-Chan
SylakentH
Symino
symmetry8
symphysiz
syochan
Syrai
S_Anne
taikiX5
Tailee
Tajzi
Teech
tegonya
Tengai
Tepes973
terrablu2003
Teru09
thatguynamejesus
tHe-OTAKU-
TheAtomicPunk
TheFakeBrian
TheJareBox
TheMageApostate
TheNewWorld
THe_New_GUY
tiffanyhng
timewizard
TinyTashii
TMF
Toast123
Tokodokolam
ToodleNoodles
tosamaru
ToumeiHana
tracreed
TragicRomance
trebmeg
Trinixa
TriZen
Trizept
tsubaki1786
tsukisaya
Tsun-kun
twonline
Tyfa
ukeamie
ultimategodplayr
ultimateninjax
UltimateSSJZeroX
Umekoi
unanamu
Uncrowned
Unlx
Uplift
usarubon
VadNAP
Valki
VampireMokaSan
vanessaechelon
Vanhite
VanityKing
Vanon
VegeMayos
Vempaz
vhynz
Victra
viibritannia
violink4swords
VisionZA
Viviaan
vivitan
Void99
Vrai
vvicked
Wadefan1
Waets
wenuchiha
whitefeather
Wicked_Enchanted
WinterFireworks
winterprincess98
Witax
wolfbankai
WubHaru
wwwcom12
x3ookiineko
xana14
xbaka
XBlaze
xcel
xCell
xCirce
XDemonicAngelX
Xehanort
Xehanort95
xiangxi4
xkazutox
xMangos
xochandaox
XoXoXoXoXo
xPhantomhive
xRay-chanx
xScarletDreams
xShinnax
xurimx
xXblackroseXx
xXRyuuko-himeXx
xXwendyXx3
Yagami-san
yakoo
Yakuz0
yamahl
yaminokami
yani118
Yehet
Yimine
yins
Ymcha
Yohiru
Yorozuya-no-Yume
Yua
Yuenosekai
yui_iwisawa
Yuki12
Yuki1212
Yukimacchi
YukinaaPark
Yukio8
YukiteruW
YukiUzumaki
Yuki_chan3
Yuki_Yume
yuki__yuki
Yumecchi
Yumekichi11
Yuukia-Chii
yuukirito018
yuumina
Yuu_Himura
zaackisnow
Zakuuo
zamroc8
zcigaara
Zelde
Zel_Ezl
ZeroChild
Zheng1991
ZoSanBamf
Zozolka
ZtarWarrior
zTuazonify
_-Hikari-_
_Angel_Wizard
_Ayase
_Cyrane_
_hobi
_Jin_
_NaNa_
_Noiz_
