Akuma_no_Himitsu
Almison
AmmyMortem
Beatochan
bruckners
Chemical_Undead
Cutty_Flam
DukeBJ
Dyma_Dymka
Gokudo-kun
golitsyn2017
HellPuppy
Ishxar
juniyy
krendel
Kroki
Kuresame
kusabe
Kyastisat
meytel
Minuyaki
Misakichibitanx3
MissBonney
mistyped
Persona99
pixelhime
Reiko-tan
Remu
seagull26
Shibosan
Shyusei
sllytng
subbotina
Sumi-tyan
Valoisa
Yonika
ysa-sama
