arisa808
AshleyMadison
AyaNekoQueen1996
BerzerkCommando
crimsonoblivion
Dart93
EmperorsChosen01
FlameLightning17
frogoten
FuriKuri
FuyuChan1111
Ghostxtiger
ILuvAnime101999
JamiRamaSama
jj-khlover
Kahmu
Kairicarter
launa
MountainStorm
rika713
ScythicX
Stilty
TIBBS4LIFE
WayaSunki
xdominusx
Yjhlover
