LaceyKuroki
