fufoojoe
SalvatoreDoni
