assyrian
Shonen-trash
