-Karoshi-
-Oreki-Houtarou-
-RikkaTakanashi
Abyssal-Admiral
AbyssGazer333
Achculder
Acirikis
Adamsevs
Adde91
Afropanda202
AhriDesuNee
ak9000
Ako-
AlterKnightKing
Amethion
Andrax17
angryginge
AnimeFan48
AnimeKing40
Antonio_Samurai
AqueousNucleus
Ardhamon
Aretkusu
arexpl
Arixand
ArticG
AShitTaste
AsianRambo38
Asilva
asphyxiates
athenamizunashi
AutoUser
Azi-chan
Azolla
azov
Bakaoid2112
Balong
Batman8
battlebunnybraum
bearacles
Bek
Bellenus
benpratt99
Bewker
Bikdu866
Binbo_Gaijin
Bioschoker
Birujo
Blacknight499
BlackRegis
BlackShads
BlazeTrinity
Blazinmob
bloodiemonster
Bmeads
bobodobo89
Bogomol
BradyxD
Brandon
Brandon12
Brigandi
bubblegumghost
budugen
bukymei
Byahman69
Byakko168
byle
ByQuasii
cachorraobolado
Chaos_Beat
Chaos_god16
CharmOffensive
chaseher
cherrlm
CheshireNekoTV
ChiLynn
chinesecartoonz
Chiruzu
CoconutConnect
Commanduf
Concombre
CoreKoro
Crackmore
crazystone
cretino
Crysdesu
ct5gecko
Cutella17
d-pad
DaggerOblige
dak47922
dalunk
danware72
dariussst
darkangel9357
Darkest_Night
DarkFlames15
Darknessend
DarkraiNightmare
darryl313
deactivated13041
deadman80
dejitaru
Demonhunterix
DemonoidGhost
DeusValkyrion
Diabolicu
DietCheesePlease
diguser
DmC1997
dogfool
DragonstarDT
Dropz
DrReaper
Dwarfking45
EarthZhaqer
ebilshadow
Eibzz
Elderlich
Elfezen
EternalHelix
exateneo34
Ey_Malla
Felchenerow
FenrisMarine
fex_silver
Finna_Vanilla
FlameKanade
flavorofthemonth
FlunentDirty
fnsk94
Foms
Foxford
Free_ThugLife
Frozen
fry1654
FunnyWalkingMan
FuZionForm
Gaston
GBSHITMALANDGN
Geirin
General_Scootz
George129
geovanehcar20
Giomo2155
Gluz
GPJW
greatgreenman
Great_Despair
GreenJay
GuiltyGearXrd
GundamMD
gwennie-chan
H4RP
Ha7su
HAMM94
HamoNinja
Hamsterpants
Haneken2086
hasnain96
hayashi_desu
Hero_To_Monsters
Hetlan
Hibiki07
HinamoriAmu37
Hirano_
HK_Kirby
HollowfiedInside
Honjitsu
Hordor
HyperMajava
icelizardman
ichigo831
Inept_Ace
Inergy
infactuation21
Ioakim12
iwsifakismag
Izanami51
jacobsmith94
JakkuHollow
Jamsch101
Jchg
Jdrocks007
Jeator
Jeremy-RockZero3
Jicetus
JinBee
JKiller97
Jnetopds
Jonesy974
Joon-Tae
Jordi1553
Jordimahi
JoshuaJones16
JPMD64
jq765
JuanDaGod
Juggernaut_
Juissi
Jullio
Junipermouse
K-Anime
Kagami
Kagene_Rei
Kagu-nee
Kaito10
Kaizurito
Kamea
KarmaV3
kawaii_song
Kazehaya_Kamito
KazeTheRaven
kiki19972
Kinaro
KirijoCorp
KoboldM
KonekoBunny
Koong_Dahl
Kreateer
KuroDubZero
KwMclovin
kyfirow
Kyon974
L0rd_T4rik
lakeel
lalange
laserm117
lbj205
leah111
Legarch
legolasdf
Lieutenant-Tanya
LilGreasyKid
Lipefe2016
LittleCr0wxx
LoneWizzy
lookatroll
loonieboy9697
lordbaldr
Loregatherer
LoveLiveMaki
lugia1610
luislifer
luk3767
Lumenarc
Luxray9001
LuzNinetei
lyreLeLy
madhatter10
madson007
Mad_Matt
Mannoumi
mantvydasster
masturbatorrr
Mence
MidnightKn1ght
Mihau_Shibetsuki
Mike-Cool
milanogates
Mindjack
Miracles
miragelimbu
MJCreado
Mochabig_T
Mokuda
monoristi
monster1997
Motosuwa
Mranimelover1
MrBane95
MrEpicMichael
MrFancyton
MrHubson4498
MrJears
Mrscared
msgundam2
MysteriousQ
mysterysniper
Nagato_Uzumaki
NailKaiser43
NativeWeeaboo
NerveRacking
nicktothefrank
NicoPinkuHoshi
NicWat10
Niev-sama
Nighters
Nishizumi77
Noble8
nordicyandere
Noviomagus
Noxsuco
NyaaaNeko
NyroEquinox
N_Kosenteki
OBirk
Ojou
OlwenDaBabe
OnceTwice
OrangeNBlack
oscar727
otakupoyax
OtakuWolf77
OverdosedGoku
P0K3Me
pacostuart
PandaStyle52
panettone
ParagonPK
Pedr025
pejor2000
pezhman
Phantasim
Phen0m20
PinkKitty1
Pistrimi
Piter12
plus_pain
PoisonKyuubi
PokemonMaster93
PrideToBeMe
Professor_Deep
Prophets
PuffySheep
Pyro-chan
R3ap3rG
Raa--chwan
Radiofoot
Ragix
rahan186
RandomRaveGuy
RangikuRiasMeiko
RaspberryKisses
RavenLu
RaymanX11
Raynare
Razi_N
RedDogSlay
RedlyD
redtiger95
Reedzu
renruf
Revan09
RiasIsMyWaifu
Rinami-chan
ristarz
Roboman01851
Rogueleader17
Rozzarian
rubyfate
Rui_-_kun
Rulio
ryanistired
Ryzathorian
Sainijon
SalvatoreDoni
Sapheredragon
SavvyDoctorton
Scarb
Sebas88
Seduce
SeeSaw
Seireso
sengenberger
Sepulgurath
Setsura1
shadowbow
ShadowfrostZen
Shadowsnake777
Shadowt5
Shinobu95
ShipwreckSailor
ShiroiRyu
ShiroYon
Shocku_
shooby
Shuhan
Shura
shvffle
Sibby
Siiber
SillyPankeki
SilverLeprcon
SinLife
Sir-Jaeger
SirIcaro
Sir_Random
Skyrider
SnipeYaFace
SnowKuma
SpongeboobAye
Sput
Stark700
StealthXD
sTIMuwu
Subenu
Sxe_JM
symphysiz
TagK
tahu653
Takoyaki_Senpai
Teisen1991
ThCp
The-Kid
TheAnimeLover101
TheClonesLegacy
TheCrunchos
TheDownLo
TheGamingCentaur
TheNYEHman
theonewing
TheProfessorMLP
ThePrototype
ThePRShow
theturt1e29
The_Irregular
ThunderDragonF
ThunderEmperor
tiksi
tobi5797
Todd_
TomokoNoKokoro
Torah
Torch_The_Shadow
Tpbadguy
TRGF
Uchiha__Itachi
usui78
vaguelyfestive
ValkonHD
vallykat
Vasto_lorde97
Vert
Virsagofma
VirtualControl
Voltning
Vyntol
Wallardoor
Wanaziba
Wapow
XBloodfighterX
XdarkdaggerX
Xenocrisi
Xenovia
Xenthas_Zenith
Xionea
xSpookyBoogie
xXMasterwolfXx
xZephyrus
Yagyu23
YamiYonaga
Yeagerzard
YokuseiSeiyoku
yoshira
Yudoz
YunaYunaaYunaa
YungR1chDevil99
Yuruskuna
Z-X-E
Z4to
Z6890
zack1040
Zawerni
zephxd43
zero_boogie
Zero_Imperial
Zero_Vi_Britania
zombiepro760
ZoulReaper
_NoticeMeSenpai_
_Takumi-Usui_
