-Av4loN-
-Banshee-
-ctk-
-Dusty-
-KARASU-
-Karoshi-
-kuroneko-
-Rukia
-ThyEnd-
-Ty
-weilyem-
-Yuka-
0louise_11
1337Gam3R
1411846
14theroad
16584651
1993espada
1stLostBoy
2010_Is_God
420420
4l3ks
7SamuraiX
a14thbeta
a1eki
Aareate
Aayush_Sharma
abaddon
abbodon
abhay_shinigami
abrva
aCasuaIBIackMan
ace1eclipse
acegod
Ace_09
Achculder
achii-san
acpstunts
adalama
adamfreddy
Adro
aerith16
Aezile
afterkaze
AgueroKun10
AHLMW360
Ahmad55
AhriIsMyBaby
AhTreyYou
aidouca
AinaXSahalin
Air-Dragon
airwad999
aisusenpai
aizengamer
Akamatsu_Jun
Akashi-Kun
AkatsukiUlquiora
Akeno_Yuki
AkinoBlade
AkumaDesu
AkuTan
Akuto
AlanGreene09
Alan_Riyuga
Album
AlchemistGunner
Alex206
Alexelpichi
alexxender8
Alice_Arisu
Alison_Assis
allenallenallen
AllMyGirlsMimi
Allow
almazank
Aloisia
Alonzo
Alphine
Alturiablue
AmarD
amazen
Ametheus
amigo
AmityAngel
Amnael
AncientLoliGod
Andan210
Anderial
andreluiz25
AndrewAlt
andrianovsky
andyjin7777
AngelClassEsper
Angelo8356
AngelRaf
AngelusFata
AngryMonkey
AnguisNox
Angus
anikkajane
Anim3LOVER
animaniak89
anime-aijin
Anime-fanz
aNiMe-LoVeRs
animeaddict13
AnimeAddict669
AnImeBeliever
Animeblademan
animeclipse
AnimeFan500
animefan69
Animefan8228
animefreak13
AnimeGamer360
AnimeHarem_King
AnimeIsReality
animeking13
animenoygrl
AnimeRedRose
animestarts99
animetei
animeviewer
Anime_freddy
Anime_Kaiser
anime_luver123
Anise_Punter
ani_maniac
anon123
antiman
antis8
AntisLT
Antosha
AnzuHikaru
Aono-kun
Aozure
Apasher
apocalipse369
Apocist
Apocryphoses
apple-charlotte
Apple-Dumpling
AppleStems
