fcukxD
spineslayer
ruusakraj
AlexSadist-sama
fcukxD
