PimpToad
itainteazy
Neverender
PimpToad
Iri
itainteazy
restivesilence
PimpToad
unclesnapple
Splakitengteng
