stormcait
