SpiritualWolf
-FourDauntless-
SpiritualWolf
