Antanaru
ShiroiRyu
dreamingsamurai
Laevantein
AngelicFeces
