ShiroiRyu
geoholyhart
TechDragon
