nOObman
Lab-Member-000
cyruz
greenmush
Papa_G
ViolentSushi
rsc-pl
OppaiSugoi
