Drunk_Samurai
kuroshiroi
Drunk_Samurai
Drunk_Samurai
kuroshiroi
kuroshiroi
