iHasFish
Mawootad
iHasFish
Suzune-chan
Baman
Mawootad
