nikk3h
Hakua
Antanaru
windy
