canephalanx
RafaelDeJongh
