Faust721
Chocovani
Hamel
Sobzob
Felix__
mada_mada_dane
jorgzimmer
nihil
xelloss
Sleezy
TheDoctor
Hime-sama
GreatRumbler
kage-bunshin
Papa_G
JiakBaKaEng
BloodyFate
zheren
Hannah_Ana
LuffyVsNaruto
supermegasonic
blessofcurse
Soulbrazier
GosuGian
CrotakuShinobi
AllenVonStein
ajbanrikoko
