Ishmael
Robbini
Pirating_Ninja
