KaminaKai
chinlamp
Kvakond
chinlamp
Lyfa
chinlamp
Vanilla-San
Kvakond
chinlamp
MISAKA__
Forever
Kvakond
Forever
shirobane
YoshiBoshi
