TsubasaKnight
xarima
pilla
TsubasaKnight
Satanail
TsubasaKnight
LLOLL-kun
bsdevil
TsubasaKnight
Rafinad
XoxxFap
Satanail
TsubasaKnight
--FallenAngel--
pilla
GeoStar88
CoolZero
AlexShaDow007
GeoStar88
XoxxFap
Ikukihiko
bsdevil
GeoStar88
Aglenn
Aglenn
TsubasaKnight
XoxxFap
TsubasaKnight
XoxxFap
Usagi-dono
TsubasaKnight
Aglenn
TsubasaKnight
Aglenn
XoxxFap
bsdevil
GeoStar88
teatree
XoxxFap
TsubasaKnight
Ikukihiko
Remu
Dinobeast
GeoStar88
b0dhi
mushraruma
Charlieatlost
nick_error
-Tomoyo-
Usagi-dono
SinForte
Charlieatlost
Sei-sama
GeoStar88
sairis
Pollucs
Ykito
Origa-san
amicus
Winkel-hime
Blue_Rose
Varyag_Ericsson
hardnyasha
exe-cut-or
Radjah
LIquId4T0r
_Sei-chan_
Radjah
anime_addiction4
Mearas
Veselin
Hime007
