cyruz
Faust721
Sitha
Leon-Gun
cyruz
fruant
chibuki
Leon-Gun
Darkreaper70
ukiuki
chibuki
Leon-Gun
Iriya
Leon-Gun
Friendlysoul
cyruz
_MiV_
Talon
WinterNightsFall
TsundereRic
aero
patient_senses
happyhellhound
theeggman85
Jrittmayer
Kucai82
RadiGen
Ruri-san
funkotaku
RafaelDeJongh
EZSPECIAL
v198h
emeraldrosary
