tsubasalover
HawthorneKitty
tsubasalover
