YaBoiVipey
kinoholic
YaBoiVipey
Scud
YaBoiVipey
YaBoiVipey
