SplicerDivider
Laevantein
SplicerDivider
Major_G
Baman
SplicerDivider
radiantfire
zareba
