Alicia3000
TechDragon
VARIAchan
greenmush
-Celestial-
breathesunshine
Aniki1990
kisarachan
Ston3_FreeN7
Sky
deuchi
Spenccr
Naruedyoh
Qaos
MVBDX
-Kenshin-
Avato-chan
TowardsTheStars
shinki7
Meg-nyan
Solo-Maro
Levy-chaan
ZackNero03
Avenger-senpai
FeSTiNaLeNTe
Saskee
hgeronimo
Tenteikuura
SleepingBear
Jice
vigorousjammer
Kaz987
BigT232
chekrdnickrs
ChungaAvenged
RJBScarletRain
Strawberrycake48
UltimateDeath
Faederwulf
TheFreycook
LeMasta
joe_g7
gfsdfgsdgsdfgs
Zelev
