Azakus
Hikikotaku
