Zyrin
Aonisai
Dija
Aonisai
Zyrin
Aonisai
Zyrin
Aonisai
stellarheart
Zyrin
stellarheart
