Kayrhandros
Identity
Rasco
