dgirl1997
shizwei
eL_marco
KasaraEm13
Captain41c
naruto-Chan
jaderose75
leti_
Syomei_Yoko
RebornAgain
S_Kerrigan
flame777
RYnky-san
Vall
rosycrystals
kiradead
h0merx
anime-luv336
TheFukoMaster
sachirali
NewAnimeFan
SakuraTsukiyomi
samuraibunny
Zarrocc
Hool
Admiral_AnimE
takuya1
Bubeq
Laetrile
Legacy9691
KokoRin
shyLey
hikarikei
pupsia
Die_Mann
hitsuki_kun
Uvii_Bel
Sayuki74
Kagiama_Yagumi
Prudenzzz
NatsuMitsuru
KyunVampireGirl
Miszke
Nae
Iru094
animestarts99
asianlilyflower
VampireCross
EtnaEraclea
Yui1212
evilluvergirl
AmuletFortune
lordsephiroth92
simonfan
Mikity
Sango_chan_desu
Eione
snow_hime
cutiep809
Thunderknight
bobodobo89
lillmisslove
frei-chan
Oyashiro-chan
Andy_anime
xxRin
_suddenfeelings_
Yavimaya
dreamy_girl
Sakurai_Sayuki
inmyopinion
Laulaly
Tsukiyomi_Utau
dgirl1997
