Dr_Qwerty
Chavez
Seight
Veethorn
VioletRebellion
owell11
Yup
VioletRebellion
Seight
Dr_Qwerty
Yup
Dr_Qwerty
Crimson_Flash
owell11
eyecuts
desolato
Baman
Dr_Qwerty
Cowabunga
