Elrondp
PhoenixRider
asandari
arielifeoma
Elrondp
ErgoSis
Totavo
wetrthjyhgefdw
Luna
wetrthjyhgefdw
Luna
wetrthjyhgefdw
_BakaMono
ReaperOil
eL_marco
BakaKaito
Luna
Pellanor
Fishi
BakaKaito
Pellanor
Luna
BakaKaito
Luna
BakaKaito
Luna
BakaKaito
Luna
BakaKaito
BakaKaito
Luna
BakaKaito
daftphunk
BakaKaito
daftphunk
BakaKaito
BakaKaito
BakaKaito
Fishi
Fishi
BakaKaito
Luna
Fishi
BakaKaito
Fishi
AtomskRenewal
Fishi
AtomskRenewal
Fishi
AtomskRenewal
Fishi
AtomskRenewal
Fishi
Luna
BakaKaito
Fishi
BakaKaito
MagicPower
sampleslayer
jojovonjo
Rotaku
xEminX
EricJ2190
Sebaku
LancerFIN
elementalest
ErgoSis
elementalest
ErgoSis
elementalest
elementalest
ErgoSis
elementalest
kureshii
Haidb
sampleslayer
IntroverTurtle
AkahanaAmaya
AkahanaAmaya
cloudtail
Serhiyko
MazrimTaim
calophi
calophi
calophi
MoFried
bekr99
Serhiyko
Gygun
moelump
Serhiyko
moelump
Serhiyko
moelump
Serhiyko
moelump
Serhiyko
moelump
Serhiyko
jswan
Luna
jswan
calophi
jswan
calophi
jswan
wopian
calophi
ErgoSis
3StarHunter
Meados
_UmiNeko_
Yvonnelim99
LaserCharles
bato3
ErgoSis
bato3
KM4
MySummerJob
09morbab
