santetjan
santetjan
Whoomp
Tenchio
guiglar
Kamiyaro
Archaeon
heydude
Merukiresa
Kuro-
Ston3_FreeN7
Dilvish
ladyxzeus
bbobjs
Batmanfreak
Nayah
amcsi
Veggen
Anyien
noteDhero
AntiquatedNotion
Grimmm
KaminaKai
Monkey_D_Luffy
Nataki
patco23
kyouri
TomoyoSakagami89
CMB17
shougeki
BeckMCS
danceljoy
frogmouth
HappyPear
BluMeino
rkrempel
mflatischler
pi1411
simo000
kokuro
Dark-Evolution
Kiraly
Vienna
Alas86
Moya
taka
Master10K
Kismet_
Washijyazo
TheLlama
datsunvic
ManCalledLogi
Jacut
OranSolus
_NephThys_
RobdeFR
Baman
Night-Reverie
Britannian
akuma2002
Proselyt
ghostxlix
cafekun
Berkles
Touka
kashim
animeshowdown
AlecPyron
syx
kurotan
Yamaro
Daisuki-chan
MonyKukki
Deviante
vluke
lowell
Leela
Kitsune816
ksyssR
weirdo90
ElectricSlime
Creed-sama
jet2r0cks
Dangooooooo
Urjuan
Malediction
Trie
kitsune-san
kie_
Ivantrollet
kasumisama
EmperorJ
mochaholic
MistressRip
akai-kitsune
Cuervoskin
Koumori
Canopus
Yuunagi
