xDoN904
KyuuAL
Aezile
KyuuAL
Ailisa
KyuuAL
pie123
