Arbalest
Maurox
Arbalest
the_seventh_l
GoshuushoSama
Kaiserpingvin
Calamity
eldrick
8GaugeBrett
lostsoul
Arbalest
Razziell
8GaugeBrett
Malediction
Arbalest
SunSir
madskizzles
faye
eldrick
FiiFO
iwatch2muchanime
Arbalest
margot
Skrabones
