Beowulf-
WolfWarrior
Beowulf-
WolfWarrior
linette
WolfWarrior
Beowulf-
WolfWarrior
hellwolf
rockeaty
darkdragon
WolfWarrior
rockeaty
WolfWarrior
MidnightSky
wolfman2299
WolfWarrior
Anemy
