Aokaado
running_lemon
nihil
Baman
Kayrhandros
Ferdinand
nihil
Sayuri
Veggen
ROFLross
cyruz
Metty
DarkShines
bassem182
Merril
aero
kie_
Forough
psygol
TAB
Nayah
Onegai
Kvakond
Psylocybek
irish_otaku13
m1xtuRe
Danish
suicideducky
isobel
Kaiserpingvin
UshiromiyaMamoru
Talvi
Leibstandarte
Leibstandarte
Yves
anciah
enkil
Yves
unclesnapple
LagTag
UserDeleted
Kirky
mitamaking
Kowal
kerlyenai
pietchaki
akai-kitsune
Meados
Zell182
SomeLostMelody
