Kyub_K
KJacket
Playcool
