dtshyk
Mr_Gutts
VerneJules
AlexSadist-sama
leeann711_0119
fivey
Grimmm
Ahenshihael
adamantine
Siva
VongolaXEspada
