AirStyles
LEGENDOFTHEAEIOU
AirStyles
aksdldew3
ikuto
AirStyles
WhaleCostume
bdschuss
Wintermute_
