kitty_ninja
CL3
kitty_ninja
Shinjuluvv
kitty_ninja
