ShanaFlame
ToG25thBaam
Ston3_FreeN7
link9us
gizmokid2122
emeraldrosary
Shion05
superchan
AiriChi
Noxana
minouneetzoe
ExoticBankai
Chanaynay
Kokoro_Inuzuka
PokeFan2112
