zelldane
Dizzmaux
eyecuts
WhaleCostume
HooHiraiBunny
Yup
SweetMonia
Chunithm
Kimura
HooHiraiBunny
Kimura
HooHiraiBunny
Saitoe
eyecuts
zelldane
Mujina
