kokocho
Yuukleoptra
IZUMI64
sairis
ikuto
Culex
SweetMonia
Saks_Byenara
kurootetsuroo
Denvious
Shin-Shitsuji
BloodyFate
kokocho
ninja218
xEPICFAILx
Valentiln
Sethniisan
