KasaraEm13
Rubberducki
Rubberducki
MidnightSky
-Risa-
mitsukixchan
Ryoto
KasaraEm13
Anise_Punter
Murasakebara
Rubberducki
Rubberducki
KasaraEm13
Kannei
MidnightSky
KayChan4U
Rubberducki
brokenrose
Miharu101
Rubberducki
MikedyMike
Rubberducki
Nao-stani
fejuto
Rubberducki
Mikitea
x_Brandon_x
Shotshots
Megaphy
Nornin
Chinkyu
Ririka
Zeperyck
Kawashima
Kit
x_Brandon_x
GenieGin13
Zeperyck
x_Brandon_x
keytard
keoqwer
brokenrose
Rubberducki
KasaraEm13
Ririka
silveda
kaiziru
cutiep809
kurootetsuroo
brokenrose
x_Brandon_x
kurootetsuroo
RenzAikawaX
Dakduif
kurootetsuroo
Ichimaru-senpai
kurootetsuroo
Jrittmayer
Dakduif
