MrKnD
owell11
Avarance
CDRW
MrKnD
GSTSRforfags
Esley
MrKnD
owell11
MrKnD
dichromatic
CDRW
Kittenia
Baman
chinlamp
