Faust721
kitsu
cyruz
GanbatteBakemono
