Kohtachi
Kohtachi
