Snowkittenz
jacfalcon
