blindassassin
