LittleStar
Ren-chan
Silent_Angel
4NONYM0U5
Ren-chan
Silent_Angel
4NONYM0U5
Sanka-chan
haisu
Silent_Angel
LittleStar
haisu
Sango_chan_desu
far-far-away
planestovenus
haisu
Dragon-Scales
far-far-away
Sango_chan_desu
sxndz
