LittleStar
Silent_Angel
4NONYM0U5
Snowkittenz
Ren-chan
dgirl1997
Sanka-chan
haisu
paigy_loli
far-far-away
Lyss__
alina_chris
StarRushh
nozoris
AmuletFortune
rozeas
Vivene
Rizu
autumnstarshine
LittleStar
