RKC
Kumojaki
Kamapuaa
Crimsonwill
SoraKing
gmgkng
radiantfire
halberdiers
IZUMI64
madsin92
LucySky
geemaa
garfield15
Kleferi
SilentFate
FiiFO
ShiraKiryuu
Traveller
garfield15
khal
deactivated-180120
BadSeed
BZWGolem
TonyTheme
taterhead
hJ
Digital89
everydaygamer
SoFarGone
Clarsiso
NoyaChan
Xizel
Shizu_dark
VARIAchan
patrat
Jesuvius
Nanakogin
Yeona
DarkRyouX
Jesuvius
garfield15
helur
TonyTheme
Jesuvius
TonyTheme
stickymochi
Shadow_Strider
link9us
Chouninatte
Ulquiorra
