Xephia
xEllify
