--ALEX--
Tinme
Ichijo_feast
