noteDhero
ArcherEmiya24
Shirt
Leticia
QuitMal
noteDhero
QuitMal
noteDhero
QuitMal
DeathfireD
noteDhero
VampireGirl
noteDhero
DeathfireD
noteDhero
QuitMal
VampireGirl
DeathfireD
cb27ded
HawthorneKitty
Taylor_elle
lolLIPopsz
Taylor_elle
