chaechun
sakuraangel101
yukinothekoneko
