LawinatorEX
shinkeikaku
LawinatorEX
