Crimsonwill
Chimasternmay
Master10K
Laevantein
DoubleD369
Dark-Evolution
Master10K
AccipiterF1
Laevantein
Grimmm
TechDragon
Xephifer
Master10K
Laevantein
dreamingsamurai
orangehouse
mystik
Stark700
AnimeLaver01
