AngelRaf
AngelRaf
yomixkagura
eL_marco
NowItsAngeTime
evil-sama
Bezi
haisu
Chandnii
h82w8
drummy2
hacchou
Sango_chan_desu
NinjaSassy
Araragi93
sasohina
noisysound
Yami-chii
Sillya
TheAssassin
CandyKissesx3
SarahMagic
wassay
alina_chris
batonik
DetectiveRukia08
CapuChuuu
merry_berry94
AngelRin
chuloc
Nuiriru
TheLazySpartan
WhiteAbyss
corwinr
AmuletFortune
Thaxiu
robendetta
Haggis
Emit01
Duzell
Cherry_Hunter
minaxluna
DifferentOpinion
sorsha
shyLey
Kagomo
Lordcrab86
mayonezu
Kiky
Paradox_Spiral
Poppy_Dream
Ruinn
ichigo_sama
Cello
akakuwings
Heinagiku
thisisover
annsky
evaila
AngelNikku
rinri
axia56565656
KuroNeko97
RYnky-san
Telphoussa
Thunderknight
