Shobster
js930
BUTTHURT
HooHiraiBunny
SquareZ
Free_Candy
linha
SquareZ
Smexy
SquareZ
mwp
eyecuts
CDRW
eyecuts
CDRW
Shobster
dichromatic
Shobster
Kuumidori
HljodhrIstalri
Seight
Baman
KrazyKobun
Gonee
Retro8bit
triseke
