4NONYM0U5
Katreena
DetectiveRukia08
KatekyoGirl7
nanyeojia
SherryAi
leti_
lumier05
Jigoku_Enma_Ai
annabloem
GenieGin13
guinluvsc
AngelNikku
chie_shou13
SunnyAnie
NioSeiichi
merry_berry94
Mikii
Alyxandria
Kawwwa
V01DH1M3
Duzell
miaka15
Metea
Nuiriru
thisisover
WhiteWolf_Kyoko
van4yta
rhapsodic
Yui1212
Eliko
red-dragon
animeroxsmysoxs
nyna_new
isikaru
lisen
Aureole
Nami
Sassycat
Alwerien
ROLLCAKE
michiyo1188
Chibi-Alice
Puja
Amayakiryu
skuj
