MsErstwile
_Haruka-chan_
MsErstwile
_Haruka-chan_
MsErstwile
_Haruka-chan_
_Haruka-chan_
Lobke
slenderfall
_Haruka-chan_
Klownzie
_Haruka-chan_
IntroverTurtle
purplepinapples
_Haruka-chan_
