Faust721
Xjellocross
game8910
gameoffreak8
Killuan
DangYOU
itainteazy
Iriya
Panaru
GreenJupiter
LoveRose
JLeeson
windy
drakarst
Sitha
yuzuko
kuropon
Darkdragon500
neutralizer
LovelongSought
MagicalEmi
Spitfire
Velix
scorpedo
Darkreaper70
Sarix
x512dev
Ryzen
fruant
UnhallowedDeceit
kei-clone
selective_yellow
DivergentKarma
Kuyu
Rosencruez
Amaya-Kiro
Haruki-
slix
MLopes724
Tsukiyo-
MireKreme
rakushu
Aka
AtaraxiaM
Konfig
Sakagamii
lyim
szoku
Seishi
Ebonskaith
--MULE--
chibuki
Monochrome
Rweck
Edogawa
emrfish6
Jayr
xxjanism
CMB17
remle03
url_elf
BlueYoshi
Kamui
furanx
Datenshigami
TomoyoSakagami89
rabbitpoets
BowenArrow
chocolatematter
Aleithilithos
KawaiiFiveO
HydronPrime
KatsuraRen
Death_Toad
Yousei-tan
theegplanthunter
minhtam2448
dancu
aznpat
Shockdrake
DarkAngel
Andu
Nek0
EtherStrikes
Karura
Kotori
Rinny-chan
Alexeon
PhAzEsHiFt
Nadeshiko-chan
jouttex
BlauBlume
bluethree
Washi
Luxus
lugiastrikes
kasumisama
illusionwawa
shadowraze
cloudtheclow
sengakae
Asako
Anayu
seasaw
AegisTyr
Blackbird
MOTO
freedoleen
Lessermaster
Shinkenshi
Kisuru
Hakurei
GrandMasterRamen
Asrialys
marc_alvin7
iwatch2muchanime
noelhoi
magentaanbu
RwT
Kuso
sifma
kAzeio
solid002
Hayate_Sama
Aesir-
gallantman
xelloss
Azhrarn
Parsalian27
kenshin514
Akumiri
alex138
Bondius
Vin-nii
Puvi2Groovy
Hiromi_chan
SmashedTomato
Sarutobi
SteamPunk4Me
LionPaws
Glopo
_MiV_
Zel
Stellar_Elric
Fates-Follower
Fireryda
Purin
psygremlin
rhiannoncrow
Siing
Crazyz
Nerull
Shades
sevenf
Kirika87
Anakine-Kun
Sorarin
Feo
Cielious
ArturiaZ
SeroVectrA
togami
amcsi
Erisu
Axersia
Maora
fatefeena
Kanashimi
segfault
Syanaide
chrissy12
colorful
lotus7
zeezaa
Funni_Yamato
shinn442
shiro100
Missingnoo
HESOUT
Sobzob
BIGanimeFreak
sh4z
rc
MrGaz
Tsunamu
BasakaNZ
chibihien
Darkfater
NoobsDeSroobs
Gwenwyfar
Komii
MrSanjuro
Smithy
Kunafox
Benjii
sulaendgame
spring_onions
itsmee
Mira__
fabrikun
Zeldi
eefichan
Daneja
DestinyFate
MomoHime125
Kiraly
Kaoru-Chan
JimmPantsu
Kuromii
Sha-ka
Miertje86
cyruz
mEdiApAcK
LordH
varathal
Walter
Mire
kache
Itsygo
Xanmore
Fayto
Keruza
Biba
Qu4Dr1F0gL10
aidouca
eldrick
Yomi-
AniO
rutix
candoh
Verray
ZGMF_Balmung
kimeugenemylove
Thea
Malawato
Nayah
DeathNote
Ergo314
wassabi
PDV
jackslade
Krayt
Frostea
undead_blopa
Overfiend
Red_Devil
Oyashiro-sama
Leticia
mikolajp
Rengemaru
Krelian
Suzumiya-Haruhi
Maxmilian
Whitefame
Jasupa
Westlo
Saku-pu
Strawberry_
Kouma
Erikku333
LeTrueNoir
Crystal
Grimnyarlathotep
naratemari
Foxygirl05
s0ulreaper1
Shadow85
Julius_Firefocht
shawurai
spike065
Ishikabe
Lyfa
neo_horizon
Tsukasa-san
sola1412
lovelylemonade
Furude-miko-sama
Berry_
Its-A-Trap
Friendlysoul
Talamare
jet2r0cks
poseidon21
Zacharael
Icy-nee-san
Zilverlight
mousepad
Mikaaa
Pandahao
LowONPower
Repentance
xxRin
DiziXagi
mitamaking
Pandahao
RyRyMini
crono22
MedliSage
cr4sian_phil
FF-Fighter12
tmth
GomuBlade
TheElfiestElf
gohan-ssj2
Ria
kevinayP
toxicaze
fallenangelj
Tomymt
gcm001
ZephyrSB
BR_Impulse
viMAL
-ctk-
deViate
ShadowCasper
Maxon
MEGATRON
konkrash
Pokedude97
exile4ever
Acrido
Logax
Telnari
akukage
Crispmj
Tull
Kisu-chan
wjxxhulka66n6
Applecake
Granzon
Kaiserpingvin
MistressRip
narmi
Doggie-Chan
GoshuushoSama
Weeyak
Miroku205
FeatherineB
naikou
Gyad
Palsa
Vizard
Onikukki
doomdesire
suuske28
Flame_Haze
Geglash
Smart-chan
Kouma_Kun
Purjoloek
Lain
p0-
anime4215
Haji
kirbykirb
Mastakilla
SeZMehK
gengduck
Kalua
Naison
FlyingChinaMan
Isumers
Talon
Pete2R
Popetaco
Deep
Jello
dik426
Anomalous
Link4all
Lizzylaziebeth
OneTwo
tsokobo
jbreten
kfdm
amf
rocketreal
Jalert
dna
M-Ogawa
Niacinamide
zhanghe852
Faust721
