cellist_anime
Shuu-chan
