Rinjii
TsuKaa-chaN
Lunarflower
Daniieru
