GamzeeMakara
nugger
nugger
Mitzuke
GamzeeMakara
eyecuts
GamzeeMakara
eyecuts
bbraybear
Smexy
GamzeeMakara
reem791
silver-raindrop
