KisKas
tsumu
SkabenuZupina
KisKas
ksanders
exec
SLIPLV
Arnissan
Harasen
Skull
ShinXP
