animepeeps
Beatless
stickysan
bubica
