ensetsu
Lyfa
Kayro
Dracoowl
babykeiji
chibuki
godlikeng
Batmanfreak
PDV
GoshuushoSama
sakR9
akuma2002
-ctk-
Faust721
yuzuko
eLiT3_
Akaike
sifma
