Andromeda
melora
Smaster
Virsagofma
SailorVenus05
Meruicchi
AdeSecsse
AliceMargatroid
Trixcy
kirari-chan12
werewolfme2
Nomi_Hyoji
chacha_izaya
Bloody__Angel
AngelusNyx
nici0303
GoldenMist
amylyn
misuzu_air
bbraybear
SparklingGolden
Fishcaek-Chan
polly-chi
Emberred
kiur4646
miaka15
MadConfusionx
-amu-
lazymaid
KojimaMikuru
hibaricloud
maru-chan
MxN4ever
K_A
stardew
magicanime406
kahoko23hino
pronija
animekeaper12467
Chandnii
Kunaby
Bluething
Kalith13
Inarius
Ace7X
Amayakiryu
Amayakiryu
anime-luv336
kisa28
Anonymous05
Anonymous05
SakuraMamiya
GoldenWitch
Pandaandrew
Mari123456
Aiko_Dokuro
chaechun
miharo
NagaIzanagi
l30min0
AnimeTrash4Life
elena_san
devinpowers
Twee
shana_luvs_yu
sea27
BlackMoral
AngelRin
Sakura1995
sneez
Claribel
Vcruzer
sweet_kiki019
kaosblack21
Aur0ra
silenteve
Kukaku999
kimiko_wxd
CandyOtaku
Atombone
Laidar
Alianna
koharu47
Miyako22
Miyukii27
Nagiii
NekoDee
Shibunari
hibaricloud
Bishie_Kaichou
Kouzaki
draket3
Megumi21
Hunterfang
kawaii-mio
ryuLzei
Ocean_Horizon
magicb
Sakura-hira-hira
Aurao
Poppy_Dream
eternalblade13
An1me0taku
Louvre
IxpelliaMiestiey
CkretAznMan
TITANFALL2022
anck-su-namun
An1me0taku
Kawaii_Neko_Nyaa
EvianBubble
Jmac
Tedd4y
kiddygradelover
XenaChan
_Angel_Wizard
theatricals
Nurarihyon95
Hinata-xx
