dtshyk
ReaperEXE
Rosa_FOEtida
seishi-sama
Dunkjoe
teanut
deg
TreF
Rosa_FOEtida
Mr_Gutts
villains
TreF
Katapan
BitchMaster
ESSWHY
viral_hun
Bunny-kins
dinho
brono11
Corpse69
CasualTroll
Rosa_FOEtida
brono11
dude3991
Captain-Z
