kelfounet
BleakBurst
kwizatz
MisaTange
harmann
psychoLISSI
chainermike
klusty
Suzune-chan
yunfanz
Torbear
Scrypt
AirStyles
Saitoe
Kipcha
BlackPanels
ESSWHY
-Spooky-
Blue-Rei
Lilgnomy
MorningGlory
rawporcelain
sorcente
Pullman
Gunther_
Cyabvear
harrypotter
SunflowerDaisho
