VARIAchan
CinnamonHime
BonkyTrollDoll
Seiya
