GoshuushoSama
madskizzles
BladerJC
FracturedSky
Smart-chan
GoshuushoSama
FreedomWingz
Vizard
SNDK
Lyle
Sirdante
Ren___
Naison
SunSir
VanRF
Kuro-
DronMitron
Saito-kun
bluemage
Trojun
evilstranger
hanabiii
DDragon88
Ceruhe
Ohisama
Huntestik
Sharik
WhiteWolf_Kyoko
tabiglows
timoteuszka
mar7o_G
CarbonAlien
eldrick
RLaszlo
IamJusticeL
Normandwizard
Foxygirl05
Drybananna
JeremyC
crono22
KholdStare88
SakuraxItachi
Shizuka_Rin
SunSir
Jujuba
