noelhoi
tanteihikari
Housefly
