Risa-tan
Yoruichi
Nami
Vanroy17
GamzeeMakara
Aur0ra
AnotherBrick
AikoD
BlasianAngel
kitty_ninja
AnimeGal2891
Kiyori
-Risa-
HIMR
Ainsel
Kalith13
wassay
naiyin
anck-su-namun
_NaNa_
Dream_Girl
Luchixa
Sayuki74
OnyxEyes3
Arararagi
BlueRazz
Trixcy
Kunaby
Yami-Hina
Purple
VioletYuki
TanRan
dgirl1997
iwilllolyou
Smaster
crystal_yuy
Half_Bl00d
Taishi-sama
laughout13
toph-bei-fong
no-idea
Mareczek
Prudenzzz
Sango_chan_desu
van4yta
Bezi
AngelusNyx
tenshi90
bubbleteaaaaaa
CandyKissesx3
England-chan
Bladesinger7
SarahMagic
tata_sonne
Magica
Kyu-chan
ahin
cherrykiss
gAbCh17Yy
RyuujinRagnar
Risa-tan
