HatchetGirl
xAnimeskyx
