therny
DevilBlade
