cliothekira
mangastar
TotallyDude
Duzell
Ozaki
magelet
OrochiPL
MaxCrazy7
Graus
Yokurama
Eiko
shadowraze
tofupika
entropy13
kodial
xly15
Hannah_Ana
Zinvinz
