Strayfe
ScrumYummy
iCab
Andrew_Jackson
Andrew_Jackson
Vudis
Andrew_Jackson
Vudis
Andrew_Jackson
Strayfe
octopuss
dichromatic
iCab
ScrumYummy
Free_Candy
