ShadowJr112
dillian
Drunk_Samurai
Amberella
dillian
NinjaSassy
mikana
Cowabunga
ShadowJr112
Hoppy
Kimura
Tomochiru
