RyuuTenshi
kirAth-shiAue
BakaWarsh
Ender
hounddog
Siing
running_lemon
cyruz
Zel
cyruz
algelic
ZJun
BakaWarsh
Neferium
Baman
Kopanda
Hush
kirAth-shiAue
ashura
Sobzob
Sayuri
Chelle
melancholy
CitizenGeek
DimmuBorgir
Neverender
cyruz
Sobzob
cmjjazmine
OriginalName
sour-kun
asandari
LovelongSought
asch
ashura
waterfalls
lolester
Rosalyen
Emptyk
z-pak
Nataki
MrSanjuro
Darkreaper70
EvilDevil
Fujin
Ranivus
ngarngar
Iriya
ngarngar
Iriya
