napolean86
Xjellocross
