PaniczWoland
ShizuCross
Lorhan
Bacasensei
Nayachi_Aru
ShizuCross
Fukou
Psychodeliczny
AndyWorck
ShizuCross
Szyszka
ShizuCross
PaniczWoland
ShizuCross
panda-sensei
panda-sensei
ShizuCross
