Space_Samurai
Mythica
Saki-M
Gonee
seishi-sama
scyonx
Confucius
singAlong
supersayen
scyonx
Hias
jagleny
burntlettuce
scyonx
BleakBurst
scyonx
Space_Samurai
prismheart
Baronight
Onitenshi
MelbShaw
Ramfield
Acquiesc3
Never_Know_Best
deadleeserious
checkdafool
supersayen
checkdafool
Rogna
Baronight
Ullus
Rogna
Space_Samurai
AlexSadist-sama
stAtic91
Boursk
Saki-M
Iriya28
Acquiesc3
Space_Samurai
Rogna
Ramfield
scyonx
Space_Samurai
Rogna
lafuria_sux
Hanadaka-Tengu
supersayen
