Rebella
Wikki
Rebella
AriGatou
Rebella
Makunouchi_Ippo
