Arctic
AlexSadist-sama
Nevercold
ghirahim
Pessoa
DeliriousPanda
Mythica
-Nikku-
iciclepop
Arctic
Chippy11
Mystere
battle_boy
TraumaHunter
-Misaki-
Gonee
LostxHero
apple
