Orahime
LadyTalion
kirari-chan12
Yoruichi
StarsOfRust
