Susurrous
winddy
Shino
acornbutt
GamzeeMakara
HollowHarima
Sayuri
FiiFO
Supreme_Hero
Valuna
Meri
Irarina
BlackSnake56
Penguin-Musume
Onyxthegreat
Penguin-Musume
