Suna-dono
ladyxzeus
Pizzaholic
Confucius
Akamitsu
TensaiShonen
Nayah
