himeko_hime
Gastaf
Seight
himeko_hime
mikana
himeko_hime
Luna
T1mkA
himeko_hime
mikana
Syndrome-X
himeko_hime
Colin
Prizkilla
MartilloPrimo
Nevercold
Azn210
AlexSadist-sama
nzw4rlord
Hmmmmmmmmmmm
Gonee
himeko_hime
Onyxthegreat
ScarletMuse
Mystere
napolean86
Yonatay
himeko_hime
Smaster
_Ayase
