VitaX
Naivette
Rasco
GodlyKyon
ViniSD
Fintan
ViniSD
Pirating_Ninja
Ragna92
walla
Farabeuf
Trequartista
UnoPuntoCinco
Deliriant
Adramelech
zynnc
Klad
Tanma
Wildflame
Ranxomare
Shineee_
Mr_Shnb
FMmatron
