Lulzboat
AlexSadist-sama
MartilloPrimo
ScarletMuse
Luna
100101010001010
Yonatay
battle_boy
Lulzboat
Ali-Magnat
Gonee
Smaster
Rogna
LemonKush
