kahoko23hino
