De-JaY
Karura
Sobzob
zq
Akumiri
ploop
Sobzob
De-JaY
ploop
De-JaY
ploop
De-JaY
Jello
Akumiri
ploop
TakaseRyou
ploop
De-JaY
zq
ploop
TakaseRyou
De-JaY
ploop
TakaseRyou
ploop
halcyon_rhapsody
TakaseRyou
ploop
Jello
Sitha
TakaseRyou
Sitha
ploop
Sitha
TakaseRyou
Ysa
TakaseRyou
zq
Thea
Lucy-ojousama
ploop
Thea
Sitha
ploop
Thea
Lucy-ojousama
Thea
Jiu
ploop
Jiu
amcsi
Revillo_Phoenix
ploop
Revillo_Phoenix
crono22
Jiu
Revillo_Phoenix
crono22
Lucy-ojousama
Relunx
Revillo_Phoenix
ploop
Revillo_Phoenix
crono22
Lucy-ojousama
Jiu
Lucy-ojousama
ploop
Relunx
Revillo_Phoenix
Lucy-ojousama
amcsi
Lucy-ojousama
crono22
Revillo_Phoenix
ploop
crono22
sengakae
Revillo_Phoenix
Gezzaman
ukonkivi
crono22
halcyon_rhapsody
Mow123
zq
Lucy-ojousama
Mow123
Sylpheed
halcyon_rhapsody
Sitha
Sylpheed
Sitha
Wintermute_
Sylpheed
crono22
Sylpheed
Sewell
th3c00p3rd1t
Sewell
th3c00p3rd1t
uis
Wintermute_
Jasonn
jigglyppuff8
uiso
silver-raindrop
Gogetters
myon1996
xIgnas
