GamzeeMakara
ducknyan
adamfreddy
GamzeeMakara
ducknyan
Pizzaholic
Neverarine
prismheart
triseke
Sonic_Moronic
Baman
GamzeeMakara
ducknyan
K_N
