tsubasalover
pati43
tsubasalover
Miwa-
Naruleach
reira93
SerasAshley
good-time
wintercrush
kiyomigirl
Bi-bu
Decadent
aVa69
eunhyuk
YakuzaDog
HawthorneKitty
VARIAchan
stickymochi
Zinvinz
InKensify
inn0centdem0n
ranchi
