mandralyne
