HiNoNeko243
Myvoiceisdubbed
BabyRanger
BokuSan
SalviaReality
destroyerjunk
hfinity
Myvoiceisdubbed
chris-yang
chris-yang
hfinity
chris-yang
tonightsend
Thillygooth
Kisuke32
geno93n0
live2win
Thillygooth
alobeFRESH
systemkrash
chris-yang
BinaryStar
TheResistance
acecipher
Lockk
