Mouhappai
--ALEX--
Blueballs123
Mouhappai
Gastaf
zharnotczar
SnorBlaar
Pullman
Lesley_Roberta
Hoppy
shadowsword
Ergh
DaiChiSei
-Kazu
Pikarita
Retro8bit
Akamitsu
prismheart
ArtRodriguez
Confucius
Avalongus
prismheart
tooeasy
Shoryuuken
MelbShaw
Yintama
GoodEnoughForMe
KuroiTsukiNoKami
Yintama
Syndrome-X
Zippyser
Fui
JV
lukdehuri
Knil
ukonkivi
bakaratamata
--ALEX--
Confucius
FonFonKusaka
rTz
FromHenceforthOn
selective_yellow
Oxicoton
Sucrose
tooeasy
Lulzboat
ArtRodriguez
Psychotik
AbstractCalamity
lucjan
Jasonbear
Lightyear8684
Culex
jonadrian619
LobsterRyoma
Flaffee
battle_boy
Moimy
Kairen
ONEESAMAAA
Andrew_Jackson
Tyler_t4
mwp
