HatesHats45
Hefewy
Saks_Byenara
StarfishTwinkle
MoreThanLife
Avalongus
Pensak
Chidashi
Animegal9215
Rasco
AlexSadist-sama
Yonatay
Laelaps
Chippy11
ore
