Aaliyah
nekoXneko
B-7
Dvvarf
Dora-chan
hsuzumiya
Nekofrenik
Kiriko_Kirauto
