qualeshia3
AlexSadist-sama
ChristmasShikari
Confucius
Saitoe
