namiepants
namiepants
Soltano
Yuki_Yume
iwilllolyou
IxpelliaMiestiey
cadu_
kawaii-mio
Spiritz
Sasukei
deuchi
NotFuuko
aquas15
Shion05
Zoompy
Sheidy
kballetbeauty
Animegirl102
EvianBubble
amiriteC
JohnLopez
eridanampora
Kawaii_Neko_Nyaa
RebeccaBoo90
Lymus
konataboy
Zzai
Echinacea
CkretAznMan
kaiziru
Kentarok
starflutter
kner
Mikio-chan
namiepants
