LonerGoth
Ramen
LonerGoth
Ramen
