Batmanfreak
sorairo
Garuchan
Fayli
Batmanfreak
Mystic_Spirit
Malice_Dru
Batmanfreak
Malice_Dru
Batmanfreak
Malice_Dru
Batmanfreak
Mystic_Spirit
Zelgato
sonnestark
devmon
