notestinet
stickymochi
ArtRodriguez
MaxCrazy7
kibahyuga
TitanioVerde
Jawaese
RaisinMuffins
Goku
