TEH_GEASS
ChibiMilly
aero
TEH_GEASS
KamiKARI
Lyfa
coinoperatedgirl
GoshuushoSama
crono22
Akaike
Emperor_L
sifma
Batmanfreak
Itachi-san
Where0Meets15
Lolianna
