Friendlysoul
direbliss
TwilightShiva
Sara-Kun
rebwaters
Suzune-chan
czerah
Pirating_Ninja
Surana
MistyBlue
