SteveKeys
