canephalanx
Bluestreak2
snakekiller
freakman012
