TPO
Chickenchief
De-JaY
yonnigo
De-JaY
Hound_of_Ulster
dltedacc
Ramen
StephanBlackhawk
Chellle
