Ramen
Kuro_kudos
yuyano
Hammy
yuyano
