doublefourzero
