Zaku-ofthe-Sound
Pokedude97
Zaku-ofthe-Sound
Ravenhood
