Absolutely_Steve
nehnehneji
Cren
Trie
LensFlaredAway
mr_utopia_man
zion111
Kayro
Jacut
kashim
cyruz
Maharet
AikoD
Monkey_D_Luffy
MagicalEmi
dairysorbet
MsRandomBadger
Kleo
Faust721
HollowHarima
tainteddonut
lichard
-LU-
merle_noir
kisarachan
AlexSadist-sama
Stark700
xchee
Farabeuf
Accelerator48
Mayuka
