selective_yellow
gameoffreak8
Zel
Xjellocross
Flame_Haze
selective_yellow
kasumisama
windy
Hemsko
Mikaaa
zeezaa
Rolex
Pewpers
Napalmitos
rhiannoncrow
Luxus
baransukuzure
lotus7
freedoleen
Stellar_Elric
Sitha
Jello
scorpedo
Simbelmyne
Trie
jacobpaige
naratemari
gohan-ssj2
eefichan
Daredevil
Dorregaray
AikoD
Leela
KimimaroKenshin
ashura
Lyfa
Jes
Bard
Belartas
WhiteWolf_Kyoko
suuske28
BlackWing
Parsalian27
Ryoga_5
Faust721
Monkey_D_Luffy
gengduck
NoyaChan
Kineta
mystik
selective_yellow
FiiFO
TheWestExit
