Spartacus
Nara-Sama
MysteriousMerlin
POlk
Nnoi-Sama
