halenfan
Asrialys
SteveKeys
