Islaya
KaminaKai
Islaya
pinkangel28
KaminaKai
pinkangel28
Islaya
Islaya
Raidanzoup
KaminaKai
KaminaKai
pinkangel28
KaminaKai
pinkangel28
Plun
KaminaKai
pinkangel28
KaminaKai
pinkangel28
KaminaKai
pinkangel28
KaminaKai
pinkangel28
kboy
Silent_Vizard
onxdxra
Shineee_
SaadXBZ
holykurisu
