Sidoen
Kotori
Sidoen
Kotori
Sidoen
Kotori
Sidoen
Kotori
