Darkreaper70
Faust721
asch
yunadestined
Chimasternmay
