Adevil
yakyuu-addict
Plun
ChibiMilly
Milari
Saygram
Kirky
Pewdie
ppizzapie
Hacksaw
Yuki-ness
MysteriousMerlin
Kayro
kie_
FiveByFive
Ventro
BenjoKun
