seita
aero
kaizer11
Mashui
saxophone15
Terrafire
crazyspinz
Zinvinz
PrometheusZero
matmetal
Sky
RafaelDeJongh
Mzak
Pirating_Ninja
MaxVdub
zetsu_shoren
Sad
Qatami
Tengai
minouneetzoe
ExoticBankai
Brati
Raijin-sama619
beloving
LeeTailor
anikevin
Fayrin
