KaizerJin
Sephor
VampShadow
Jasonn
Ginjin
Telnari
DarknessAngel
cyruz
