JustOwnin
Iri
Legion17
JustOwnin
iwatch2muchanime
Legion17
bettynoire
tainteddonut
Sobzob
Krelian
Mathes
gothicpsyche
Aokaado
AngelLily
NonSequitur904
AngelLily
NonSequitur904
cyruz
Azuriel
drklrd
zeper
CitizenGeek
blackmat850
CitizenGeek
Obers
Arekkusu
