FreedomWingz
-Yuki-
Islaya
Purin
DestinyFate
Yumiko
tsubasalover
Islaya
CCs_No1_Fanboy
TheMagicalDreams
CCs_No1_Fanboy
ShaniAndras
Islaya
FakerEmiya
-Yuki-
Fayto
