restivesilence
Xinil
geoff
restivesilence
