nugger
nugger
VIRUSxLAZENGANN
nugger
Lineali
TwilightHaseo
nugger
Metal_Ganado
haseo16
Ruseo
nugger
haseo16
Diest
MarchHare
ReaperXIII
kazumitakashi
