angel999
8GaugeBrett
ternalnodorei
Pokedude97
kisami
NotFurniture
Kenn
Zerosbakainu
angel999
YamiAtem
datsunvic
rizzo
Kayro
katedadevil
ErwinJA
kashim
Mathes
littlebluetotoro
Kakkou-kun
noteDhero
Serenti
Jacut
Faust87
Iriya
Vin-nii
Eternal_Blaze
Stjeppe
DeathfireD
Chimasternmay
Edgard2
angel999
Harout
hanabiii
Nezerchin
Siva
Monkey_D_Luffy
Aina-Chan
Leinel
magentaanbu
aydar
wakka9ca
Shin-kun
Yokurama
Chelleee
canephalanx
Sir_AldenIII
digiboy123
suzuya
meneope
Salve90
mystik
sukanime
stellalala
StevenHu
souledge94
haruka_nazu
Confucius
Ittan_Momen
