VTrT
