RedSwordHeart
Waspscreama
RedSwordHeart
