ArucardPL
digiboy123
Plun
Xephia
Plun
Xephia
