Islaya
Gaelenmyr
TotallyLovable
RenaPsychoKiller
FreedomWingz
RaiStorM
Islaya
-Yuki-
Plun
Penguin-Musume
Islaya
Kuromitsukai
