nseika
KaminaKai
Master10K
KaminaKai
nseika
gdavge2003
091836
Darkreaper70
PimpToad
091836
PimpToad
nseika
Rei_12
PimpToad
091836
091836
