Aarana
Flibbertigibbet
serenedipity
Aarana
icecreeaamm
-hyorinmaru-
xpinkxstarzx
