KeniNuwin
Ranlos
