YaBoiVipey
aero
YaBoiVipey
Karura
YaBoiVipey
ukonkivi
YaBoiVipey
YaBoiVipey
Factor
YaBoiVipey
Netforce
Iri
Slykain
Sarix
Sick_Bastard
nihlniisadxhai
Sick_Bastard
ukonkivi
Sarix
MCL26
Iri
nihlniisadxhai
Sarix
nihlniisadxhai
YaBoiVipey
YaBoiVipey
Sarix
nihlniisadxhai
YaBoiVipey
nihlniisadxhai
Sarix
YaBoiVipey
Sarix
YaBoiVipey
YaBoiVipey
nihlniisadxhai
Chavez
nihlniisadxhai
Chavez
nihlniisadxhai
Chavez
nihlniisadxhai
YourMessageHere
Solanio
Saito
infiltrate
kuroshiroi
Yup
akai_ribbon
Inevitable
Aji
Pewdie
9th-eden
Kuumidori
Sarix
Maazter
windy
kei-clone
Kuumidori
Sarix
XeleX
