aero
aaronluis26
Retro8bit
Zero_r2
Zinvinz
Zell182
ImJustAPandaBear
chaosflaw
geemaa
5layer
Moonfrost
angelei28
StormViruz
surferrosa
Duncan123
AlexSadist-sama
Mon_Diamond
hardnyasha
PrometheusZero
Monochrome
apbiofreak
nnode
RafaelDeJongh
Petite_Tomoyo
Vhailor
zetsu_shoren
Sydbond
ibraheem234
ibraheem234
Akiho90
