Ranivus
Scud
Plate
Scud
Karura
TheDrunkenShadow
Kionniko
Mr_Panda
apple
Reindal
Monad
llxwarbirdxll
Neverender
Frito
simo000
aero
sigunjdd
Chavez
Ranivus
apple
Ranivus
Yup
akai_ribbon
ladyxzeus
Xyik
windy
Maora
Ontario
Nuge
Syb3rStrife
llxwarbirdxll
windy
Neverender
llxwarbirdxll
TheDrunkenShadow
zq
ScrumYummy
apple
