dtshyk
Maora
xera
MomoHime125
Monochrome
VK11
avrc
Icy-nee-san
sigunjdd
theflibbet
Animegal9215
