Taylor
Sylpheed
Keita00
Volbla
Sylpheed
Shugocharalover
stein41
Moonfrost
