serena893
Dangooooooo
VertigoM2
