TakuTaku
vampireas
swagoshin
EnvyChan
Kaim
natsumi-chan
kokoronoyami_sy
LacusClyne_Sama
VampireMokaSan
dtje
