Cowabunga
Dizzmaux
Airy-chan
Liar
DancingTheBa
