Taki_Nyar
Taki_Nyar
Hime-sama
iluvL
Taki_Nyar
boyerz
Taki_Nyar
boyerz
