L-LawlietDN
L-LawlietDN
DarkFusion
Emptyk
Tachi-Kun
Hat-N-Clogs
BoPatch
hamandmoreham
