ballistique
Zell182
Alas86
Monad
