Torisunanohokori
sevenfoldgates
Hemsko
RyuTH
VK11
Faust721
JTSlayer
GodOfSpeed
Crimsonwill
milesperminute
i0n
Sirch456
animefan82
rebwaters
Chouninatte
Ulquiorra
