kevin_video
sayami
Rasco
Ranxomare
