Vertago
cyruz
Neverender
Faust721
chibuki
Asrialys
Nataki
katsup
zeezaa
Iriya
Kite_
Iri
queendork
Splitter
Syanaide
Lindus
MagicalEmi
Tenshin
DarkLaila
hot
cyruz
Aokaado
cyruz
_MiV_
Chicken008
togami
Sinslash
hounddog
cyruz
Marraques
Porn
Faust721
KawaiiFiveO
Karura
sakR9
itainteazy
Shinigami
Siing
Ken-san
Miinami
Sobzob
Vertago
Taku0
animaiden
hot
Iriya
cyruz
TheWestExit
Faust721
Nobleman
BlueYoshi
Westlo
asandari
Iriya
jobocan
OriginalName
Faust721
FireReaverX
sHsIkuA
AegisReborn
Telnari
Jes
KCT
Tutti_Love
