ejwong
dingmajiao
ejwong
