fcukxD
HaiAlwaysHungry
Kyora
fcukxD
naikou
Balian
fcukxD
spineslayer
