Rem-
insoo
-Deactivated-
EmmieShadow
Rem-
