ChocolateTruffle
Kyora
Lesley_Roberta
tondake_omake
Kurisu
Iriya
ChocolateTruffle
Kurisu
lovescream
ani__
virgo_sama
PF
Reminiscence
Neverender
Bakayaro
vaberella
Neverender
LemonLyme
WTFwasThat
Neverender
Bakayaro
karasawa
AuraGold
Empire
windy
Chuunikshimi
Scud
tttm
DaBigD
ShadowofLight
Ryutoshin
eddiekid
CriticalDesign
Gaelenmyr
Kamadaki
co_flame
simo000
Yondy375
funkotaku
Red_Keys
SOExclusive
LegendGoldDark
Momoirooooo
Lambdaa-
