fruitless
Jaica-jeN_
sAikii
Rweck
sAikii
Rweck
