tigerz
shinigamidono
aoikishu
tigerz
tigerz
aoikishu
suzumehime
tigerz
tigerz
PRESSit
suzumehime
shinigamidono
PRESSit
tigerz
MB007
PRESSit
