Kadiith
Justaname
Kadiith
ShanaFlame
Grimalkin
Kadiith
eternal_blue
rweqoiu
yakyuu-addict
Ailisa
Silvertongue
Miau
DonKangolJones
Kuma-Kuma
Straw-Hat-Matt
olmecalmighty
Itachi-san
kie_
endless_disease
Mehsi
Kadiith
VampiressMiharu
KidBoruto
Foxygirl05
Missytalker
