Amaya-Kiro
Emptyk
Amaya-Kiro
Maora
Amaya-Kiro
Emptyk
Amaya-Kiro
Ronin-PL
Amaya-Kiro
Balalaika
Applecake
Amaya-Kiro
Applecake
Amaya-Kiro
Applecake
Amaya-Kiro
Applecake
Amaya-Kiro
Applecake
Amaya-Kiro
Applecake
Amaya-Kiro
Applecake
Amaya-Kiro
Applecake
Amaya-Kiro
Applecake
Amaya-Kiro
Applecake
Amaya-Kiro
Applecake
Amaya-Kiro
Applecake
Amaya-Kiro
Applecake
Amaya-Kiro
Applecake
Amaya-Kiro
Applecake
Amaya-Kiro
Applecake
Amaya-Kiro
Applecake
Amaya-Kiro
Applecake
Amaya-Kiro
Applecake
Amaya-Kiro
Applecake
Amaya-Kiro
Applecake
Amaya-Kiro
Applecake
Amaya-Kiro
Applecake
Amaya-Kiro
Applecake
Amaya-Kiro
Applecake
Amaya-Kiro
Applecake
Amaya-Kiro
Applecake
Amaya-Kiro
Applecake
Amaya-Kiro
Applecake
Amaya-Kiro
Applecake
Amaya-Kiro
Applecake
Amaya-Kiro
Applecake
Amaya-Kiro
Applecake
Amaya-Kiro
Applecake
Amaya-Kiro
Applecake
Amaya-Kiro
cleofriskey
Angel_of_Terror
Siruru
Jeanne-chi
CookieDoughLover
kenta21
kittykun2011
Amulet_Joker
Nekomimi_
Tsukinabi
sakura421
Niinah
Brace_Yourself
sarah1_1animefan
MxN4ever
