5layer
Kappaka
5layer
dawnwan
