Touka
kuroshiroi
Antanaru
-Venus-
Konfig
Xinil
Konfig
kuroshiroi
Xinil
Antanaru
Konfig
Touka
kuroshiroi
lordzenchi
Loxaris
shinkeikaku
olmecalmighty
Loxaris
Susan
-Venus-
DaBigD
akuma2002
Antanaru
windy
Bou
cyruz
Konfig
cyruz
Xinil
Antanaru
chibuki
Straw-Hat-Matt
cyruz
