Kappaka
Beatnik
Kappaka
Beatnik
Kappaka
shinkeikaku
Kappaka
Joot
Kappaka
Vudis
Kappaka
BrokenTrinkets
shinkeikaku
Kappaka
Zero
Kappaka
SchnickelFritz
Jb1528
Jb1528
Erzam
StudioKyoko
Pinkbismuth
Kappaka
funsohng
Kappaka
Beatnik
AlecPyron
Anomalous
Elika
Nabi123
Iridescence_26
Kappaka
Iridescence_26
jack4s
HikiganeYubi
