EuphoricField
EuphoricField
zq
EuphoricField
zq
EuphoricField
zq
EuphoricField
Yuruku
