Kuronoa
butthurt8795
MotokoAramaki
Drizzka
Baman
Dizzmaux
Chavez
TiamatBunny
Retro8bit
BadLuckTuck
GoddamnGoblin
TiamatBunny
FlyingPlumTree
MistaCloudStrife
lesbians
feder
Baman
shinkeikaku
Adrim
naikou
Seasonreaper
HarryTram
shinkeikaku
MistaCloudStrife
FukouDa
AlecPyron
Baman
Kuronoa
kodial
Chavez
feder
naikou
FukouDa
Kuronoa
Gin-iro
BadLuckTuck
Bakayaro
MistaCloudStrife
naikou
HarryTram
Retro8bit
Retro8bit
naikou
Kuronoa
gokieks
Kuronoa
Leki
funsohng
