MrHatandClogs
Bubcus993
