Astares
Shiundragon
Astares
Shiundragon
Shiundragon
Astares
D-V
Astares
D-V
Astares
