Nanako-chan
Shancakeschan
shinkeikaku
Splitter
Kira01
PandaPuff
desolato
EvilRobot
Nanako-chan
Cookie-chan-
Nanako-chan
BloodyNewMoon
Nanako-chan
canephalanx
BloodyNewMoon
shinkeikaku
Pops_
