HB_I_eternity_I
Saitoe
