maikun
Zenit
nyannkeppy
TsuruyaSonozaki
AnimeGoddess
Megaphy
Sylpheed
shippo188
manny920
rosycrystals
Aguus
maikun
perspective
MSLNSS-Fate
maxplayblarer
ahmzie
Shiomi
elfen1ied
Rinjii
Metal_Ganado
PigeonLegion
Spear
sCr4G
Oosran
Hime-sama
FuckedUpProfile
x_Brandon_x
Ermak
asianlilyflower
PockyLoveLove
Sayuki74
Furude_Sam
NOX_Arachne
pupsia
akira1878
Portgas_D_Eriko
CursedBlood
eL_marco
GoldenWitch
IZUMI64
Uvii_Bel
Ekureiru
jaderose75
NatsuMitsuru
Miharu101
dcdfvr
TsubasaKnight
Eione
Bezi
Lyss__
Urufuzu_rein
Thunderknight
Silent-Echo
Redoaxe
AngelRaf
powerscody
SakuraMamiya
Yumei_Noir
-ketchup-
LonelyHero
-ketchup-
randywmorgan17
CkretAznMan
CaptRex
LonelyHero
XenaChan
EvianBubble
-Karoshi-
