zq
Hannah_Ana
lakshika
