AC-CESS
Henrrieta
ForsakenArcher
AC-CESS
Henrrieta
