hypertreb
