stAtic91
gravepact
MagicWookie
ro
Neku
PandaPuff
Kimia
Blackbird
Mayumu
xdzzz
AikaHime
Shancakeschan
noteDhero
Iridescence_26
Zero_r2
kurootetsuroo
KingSophie
Are_Skodvin
ManU-Alchemist
pacuuuuu3
greenmush
Osaka117
firefistace01
myth720
Hool
Xephia
Springlessbear
HaiShang
nina4life
Shadoww
Siva
TheJuggernaut
Veilor
Cello
kie_
Insodp
Lushix
Maiika
Naruleach
UchihaTybino
duotrouble
sasuke22
Devilchicken
JTSlayer
nehnehneji
baxter09
tsubasa-lover
kage-bunshin
Dodecahedron-O24
GeniusofIron
merle_noir
Alicia3000
tphrjnes
VARIAchan
Rasco
Ston3_FreeN7
KYSplease
NiaShh
Ston3_FreeN7
Anneke
Xowlreed
Tengai
laingley
UchihaGirl
Tsuki_Shika
TheFreycook
Lorezhno
