mazen
dualcetilx
game8910
PuzzleBobble
ShiroiRyu
TomoyoSakagami89
seiyu
Arcangel92
game8910
ClessAlvein
game8910
Bastion
Neverender
game8910
MrGlassesMan
Bastion
MrGlassesMan
TechDragon
kpax12
Kage_of_UF
Rudgald
kpax12
Cielious
meo0o0111
sunshinesan
MrGlassesMan
Bastion
sunshinesan
MrGlassesMan
kpax12
MrGlassesMan
xkakei
nagihayate0028
KratosRizen
sirtakedown
Moonlight_lover
Raigeki1993
Raigeki1993
Bastion
geemaa
JimsterG
Cheddarchet
Cheddarchet
checkdafool
Saki
LightSoul
sakshitaparia
raveniscrow
raveniscrow
RockerXD
Roychop
jejehartadi
hellogarry
FGtheMaster
Casyle
kagezakura
Ermeson1996
KamSung
Suweidaro
Theusis3
Straighti
Nunnally03
