ShanaFlame
cabaret
VARIAchan
GintokiSan
KitaTsuki
