Captain
Xinil
Captain
