XtremeFlash
TaizenKyo
viper911
XtremeFlash
-Madara-
renjikuchiki1
