LLOLL-kun
augenapfel
teatree
LLOLL-kun
teatree
Yuuichirou
Hikari_1
pinokkio23
Pi_Face
Remu
Ikukihiko
hermit-purple
pilla
AllSunday
2_oz_of_pasta
Buran-kun
Slapshot
BakaCirno
IceFear
Nialliv224
DukeBJ
zuckerschock
Sevilla
halom
Aoi_Umenokouji
Einvera
Nolf
rockmor
We-form-Voltron
mmaks
Yuuichirou
PXRain
Rafinad
AlexShaDow007
b0dhi
LetoII
meiya
TsubasaKnight
Freedom_666
rockmor
ZeDesu
flaiye
LoliPok
Tenro
2132196668
AkarumaySama
Talaris
aimo
Toha
hapuga
kensey
may2be
Ruinn
LUXLESS
slevin64
Hotaro_Oreki
Oliversmit
Angie_Mandarinez
padre
_Lucy_
SiNG667
Unformatted
mad_ayukawa
FuwaSho
Mesubuta
nasqg
kolisya
Skipchmosha
Vladislav_Paizis
MidoriAsahina
Eric_Morris
velveta
slavit
Asa_Rammstein
Technoforever84
sjksdkjs
Mearas
Ketchup111
Boyscout31
Evil_Deed
syhar1ik
